0.000000 347.418595 
7.035137 347.418595 
14.068950 491.471258 
21.137710 580.087116 
28.131340 421.490417 
35.185760 260.145665 
42.272910 154.143762 
49.270160 156.666471 
56.361020 138.484454 
63.291730 120.818826 
70.408510 96.340878 
77.427170 132.533897 
84.452890 196.756092 
91.468040 368.809537 
98.511180 340.090610 
104.366839 317.779168 
110.205000 364.907505 
116.073540 395.892401 
121.805490 353.938365 
127.613180 197.978330 
133.425190 181.273503 
139.274900 181.325668 
145.036220 197.016373 
150.940560 240.651526 
156.807920 239.432426 
162.658900 106.992481 
168.453840 24.446017 
174.304930 24.566136 
180.153830 0.000000 
