0.000000 409.523864 
7.164741 409.523864 
14.246150 571.162906 
21.446120 569.022771 
28.599560 764.065797 
35.779040 820.463044 
42.951260 829.644102 
50.126740 796.736720 
57.297720 609.022368 
64.470430 570.682316 
71.637010 468.940473 
78.814700 282.462502 
85.976970 262.066567 
93.153020 313.645199 
100.323500 197.151520 
107.182552 136.198651 
114.047920 102.739263 
120.899440 97.428665 
127.761480 73.872193 
134.624960 76.580745 
141.488780 87.918452 
148.317120 57.179424 
155.188590 72.483810 
162.046500 123.733247 
168.904600 255.857041 
175.764450 78.310811 
182.540910 31.897274 
189.421200 38.713075 
196.182880 0.000000 
