0.000000 244.243496 
7.522651 244.243496 
15.062710 316.802899 
22.525150 289.935382 
30.049460 146.898276 
37.607150 84.277177 
45.085160 84.291423 
52.653960 74.191221 
60.092180 57.299907 
67.675220 44.096173 
75.182310 61.200325 
82.714180 142.474142 
90.231590 324.279024 
97.755290 360.368723 
105.284400 427.459173 
110.037339 468.280346 
115.145201 533.087669 
120.044680 512.331140 
124.999060 324.305428 
129.853240 275.412172 
134.803450 278.874888 
139.812300 267.526888 
145.318490 356.788760 
150.847970 314.902128 
156.740450 105.766722 
162.683080 47.445505 
168.494150 22.651045 
173.691120 32.659851 
179.141940 0.000000 
