0.000000 301.171176 
7.851938 301.171176 
15.744630 393.035346 
23.571620 154.203697 
31.434440 67.383277 
39.284350 37.343226 
47.011180 39.713483 
54.919880 28.047472 
62.790310 24.496409 
70.592400 21.137887 
78.455900 82.851975 
86.264990 202.035857 
94.205180 439.822216 
101.858600 437.149215 
109.755200 560.436461 
114.863956 759.793974 
120.486210 714.737398 
126.379140 587.011482 
131.827750 346.862334 
136.921950 324.013370 
142.232890 310.745962 
147.668830 395.479423 
153.572880 469.449543 
159.605470 207.786004 
166.244240 92.605369 
172.933100 83.294409 
178.855430 55.224711 
184.598470 88.578595 
189.570610 0.000000 
