0.000000 164.653494 
6.667546 164.653494 
14.157450 168.861167 
21.971960 252.192665 
30.060250 214.934748 
38.671950 203.746013 
47.257400 156.713002 
54.813710 162.763662 
62.278400 157.090782 
69.889570 161.149805 
77.836080 175.433668 
86.067170 276.097706 
94.028070 343.188848 
102.494900 406.445661 
111.588000 377.913551 
117.244710 439.077537 
123.354560 423.915435 
128.990390 389.556894 
134.314590 361.437142 
139.578670 160.506504 
144.959400 162.812612 
150.551750 184.115566 
156.809910 269.168329 
163.245720 264.645129 
169.416890 97.276249 
175.909600 35.743364 
182.119660 29.931614 
187.647860 37.023209 
193.306590 0.000000 
