0.000000 193.430554 
7.164081 193.430554 
15.269620 236.353344 
23.083390 157.984808 
30.192230 106.970929 
37.860490 134.015159 
46.631300 103.286127 
54.777290 132.128176 
61.639790 151.776926 
69.342200 123.215220 
76.686810 176.577197 
83.982460 304.152657 
91.399990 422.959898 
99.538230 374.070316 
108.333000 451.463491 
113.800892 402.598659 
119.304160 511.368292 
124.725640 480.107722 
130.284180 202.327157 
135.407790 184.532578 
140.586970 211.720866 
146.477450 247.549305 
152.347550 333.727603 
158.525660 373.112324 
164.455690 94.943001 
170.589810 27.985652 
176.686040 32.700158 
182.235470 37.302551 
187.712150 0.000000 
