0.000000 145.733624 
7.692801 145.733624 
15.760330 304.563218 
23.598890 839.548149 
32.759680 717.495390 
42.337810 558.172671 
51.420460 547.946585 
60.578730 452.997415 
68.578890 221.056565 
77.007580 96.037763 
85.388890 41.664656 
93.882390 94.421637 
103.302900 63.383485 
112.691800 34.414687 
122.442000 50.091072 
128.306864 46.036740 
134.285020 79.985341 
140.044150 66.119779 
146.079000 89.921325 
151.981670 109.116904 
158.091700 100.543220 
164.027430 116.791177 
170.557870 163.965433 
176.912960 222.576054 
183.078750 262.483356 
189.722640 80.702074 
196.739470 39.414349 
203.272370 30.114165 
208.674980 0.000000 
