0.000000 285.648852 
7.331980 285.648852 
14.720190 352.640733 
22.172250 660.405792 
30.489060 946.775164 
39.368210 876.640450 
47.463450 802.128739 
55.777770 827.202893 
63.719420 629.044010 
71.658030 425.147981 
79.684570 276.554962 
88.071690 267.677568 
96.344040 160.554684 
104.934200 91.211391 
114.031200 81.403672 
120.134338 48.025942 
126.706120 47.043608 
132.773240 42.313366 
138.948590 60.107915 
144.711330 74.077815 
151.070740 59.509965 
157.557490 89.553684 
164.274120 132.149472 
171.137760 176.977874 
178.466670 182.908501 
185.648220 39.081314 
192.963220 48.912975 
199.330380 45.655193 
205.448680 0.000000 
