0.000000 127.036637 
8.174201 127.036637 
16.658840 225.991926 
24.792560 486.752379 
34.572310 1035.183896 
44.307150 401.067588 
54.016130 315.369028 
62.511140 288.685356 
70.275740 278.592799 
78.602930 109.454041 
86.448870 40.613557 
94.684520 70.166113 
103.641500 111.014956 
112.819200 47.210496 
122.557000 67.766195 
129.054514 93.850221 
135.610730 118.128279 
141.763000 151.511531 
148.227260 242.727915 
154.823040 327.956970 
161.770910 275.436858 
168.438710 345.476839 
175.200890 369.664413 
182.100690 400.064590 
188.935930 211.913532 
195.863640 93.086047 
202.900620 91.709347 
210.075780 85.601542 
216.519430 0.000000 
