0.000000 250.602315 
6.915907 250.602315 
14.943550 370.719190 
22.309490 509.846462 
29.884530 625.269831 
38.117780 590.918924 
46.688810 557.255994 
55.026960 628.161665 
62.396660 510.335083 
70.686270 364.506917 
78.773200 301.336733 
87.125960 319.203530 
95.641060 178.376577 
104.525600 142.502505 
113.417700 110.074080 
118.905043 100.972630 
124.625460 79.291318 
130.207380 62.449123 
135.903970 78.317201 
141.308600 64.691442 
146.864930 74.181075 
152.818800 97.288102 
159.322860 159.863071 
165.909180 260.595876 
172.484980 120.551048 
178.814160 46.177081 
185.718080 39.728456 
192.539410 40.015184 
198.574930 0.000000 
