0.000000 81.105843 
7.999261 81.105843 
17.030320 123.410410 
25.977890 297.218035 
34.773130 144.593571 
43.820440 99.256946 
52.992570 70.599797 
60.581450 74.326281 
67.710220 69.973665 
75.149960 63.251988 
82.323960 82.186272 
90.281710 195.606089 
98.384210 447.463798 
107.471500 522.146390 
116.774400 607.188631 
122.888302 766.371368 
129.190130 636.023090 
135.162940 709.071475 
140.740980 345.825521 
146.528780 303.397045 
151.874540 367.717269 
157.182580 427.344410 
162.694800 411.041333 
168.572970 295.905993 
174.715500 128.286285 
181.285630 99.042566 
187.720340 74.104991 
193.867510 102.212076 
200.527650 0.000000 
