0.000000 250.671922 
6.233100 250.671922 
12.507760 309.960397 
18.707850 185.585826 
24.994470 155.511121 
31.240230 133.494733 
37.491640 137.727628 
43.706480 108.962618 
49.996280 105.972562 
56.138100 89.983462 
62.400750 70.969309 
68.638210 96.671640 
74.909780 152.573100 
81.102790 120.099826 
87.379160 93.144678 
92.247658 86.260300 
97.039440 109.764121 
101.818480 134.477593 
106.633210 115.291289 
111.531070 154.619935 
116.387250 150.387126 
121.291440 38.780223 
126.168820 32.856078 
131.045980 84.123833 
135.908330 219.320717 
140.789660 219.239509 
145.676630 219.239509 
150.551060 219.239509 
155.435590 0.000000 
