0.000000 304.981805 
5.936061 304.981805 
11.893900 319.124703 
17.775140 267.351711 
23.750530 256.743879 
29.735130 227.063524 
35.607080 272.402210 
41.602570 230.047548 
47.528610 250.848514 
53.481600 236.875352 
59.428550 145.483700 
65.380720 119.865556 
71.325320 154.590086 
77.276230 104.412805 
83.226110 70.789331 
88.821854 46.410071 
94.437040 85.600244 
99.997770 110.344098 
105.602600 98.394434 
111.187980 103.089592 
116.775610 20.142597 
122.378120 31.870347 
127.960720 52.444517 
133.530580 169.252463 
139.127740 34.398961 
144.715390 34.398961 
150.280110 34.398961 
155.849440 34.398961 
161.441450 0.000000 
