0.000000 210.319502 
6.183481 210.319502 
12.405750 232.708840 
18.525520 130.779942 
24.723150 63.323299 
30.903050 53.069526 
37.094690 53.793107 
43.258470 63.590032 
49.469190 63.489462 
55.606770 57.062059 
61.773620 43.179010 
67.962880 64.919146 
74.152480 108.958064 
80.330070 122.100323 
86.521110 76.720970 
91.287771 86.941499 
96.031867 130.434866 
100.753850 144.710547 
105.502460 149.596449 
110.267150 178.943558 
115.031280 57.672896 
119.781530 61.470396 
124.591510 99.758637 
129.249240 166.786749 
134.049480 290.253185 
138.838520 24.418431 
143.476020 9.796291 
148.277250 9.796291 
153.044060 0.000000 
