0.000000 147.238274 
6.419175 147.238274 
12.792990 167.574891 
19.232400 68.036309 
25.639530 15.108849 
32.055220 17.230222 
38.425290 18.946186 
44.858220 20.252366 
51.234760 16.229341 
57.639450 20.224499 
64.058940 16.209349 
70.461140 47.693927 
76.880610 117.039532 
83.230460 146.151432 
89.650470 110.364170 
94.869687 157.767279 
100.071430 199.766690 
105.269900 266.092382 
110.562170 269.139285 
115.625910 200.578046 
120.893310 251.608329 
126.088460 274.591775 
131.302020 332.483845 
136.512820 367.812257 
141.720420 69.598394 
146.935630 52.053718 
152.141730 41.816957 
157.348220 18.751767 
162.560660 0.000000 
