0.000000 252.286545 
6.214461 252.286545 
12.340570 258.636550 
18.543900 272.593946 
24.740150 182.458832 
30.890670 154.804600 
37.098080 154.884679 
43.304700 131.690598 
49.446010 115.157931 
55.663930 122.085948 
61.861760 70.695585 
68.038830 105.552388 
74.226440 106.511122 
80.413530 119.978767 
86.602370 73.743349 
91.770101 63.427279 
96.936500 106.761748 
102.082130 142.816184 
107.379160 170.184472 
112.244320 193.089309 
117.454880 127.979552 
122.606990 141.933321 
127.756600 198.619091 
132.911340 300.543862 
138.088720 373.714147 
143.224620 28.795507 
148.420980 22.517951 
153.551350 20.286351 
158.720920 0.000000 
