0.000000 309.486488 
6.307308 309.486488 
12.527800 367.760107 
18.770910 62.298801 
25.084240 47.024714 
31.367160 49.078503 
37.647410 51.155857 
43.939110 45.608244 
50.223040 51.181621 
56.480460 30.167316 
62.770730 20.677592 
69.049950 25.698667 
75.338870 81.941898 
81.612180 73.231984 
87.896750 46.112064 
93.274686 68.544787 
98.666410 70.199442 
104.028700 112.891685 
109.404380 185.780297 
114.802670 169.916197 
120.145490 184.140051 
125.527270 239.036152 
130.902400 253.843358 
136.279880 382.114725 
141.662900 56.285918 
147.020410 47.968939 
152.409840 31.973575 
157.760600 31.973575 
163.135200 0.000000 
