0.000000 162.358540 
5.806783 162.358540 
11.420690 147.480244 
17.291130 255.960262 
23.033780 258.299279 
28.804470 356.937821 
34.564650 413.015501 
40.308730 470.845161 
46.050930 421.679371 
51.823330 334.847379 
57.589920 267.498620 
63.358820 158.158091 
69.118110 126.727161 
74.884100 141.541254 
80.649920 34.283482 
86.411143 41.506629 
92.182470 28.954675 
97.945880 19.114662 
103.672540 34.528711 
109.425170 58.317638 
115.229580 84.992610 
120.994980 23.748952 
126.736430 41.376840 
132.506010 134.309906 
138.267490 239.685722 
143.987670 23.742361 
149.794690 23.742361 
155.435700 23.742361 
161.177480 0.000000 
