0.000000 185.793491 
5.939370 185.793491 
11.852510 196.795468 
17.628680 267.129382 
23.610310 254.802249 
29.533750 349.183946 
35.466040 383.563823 
41.395190 385.556110 
47.298840 371.553828 
53.241520 304.077230 
59.167510 205.644422 
65.102130 144.055594 
71.032070 131.209767 
76.963800 144.674358 
82.896640 36.825675 
88.009793 70.087741 
93.154370 27.639361 
98.171810 25.346445 
103.311870 32.279832 
108.439220 35.511746 
113.522610 56.659073 
118.642910 11.129079 
123.769770 19.694574 
128.855790 31.924751 
133.930330 101.863793 
139.041590 215.794627 
144.126580 215.794627 
149.156280 215.794627 
154.314770 0.000000 
