0.000000 101.950848 
6.228978 101.950848 
12.317960 101.183016 
18.521970 235.289412 
24.750270 253.962063 
30.897960 283.864500 
37.101030 339.498902 
43.271770 297.629416 
49.463690 257.107576 
55.642780 170.680990 
61.836300 70.379714 
68.030000 55.749135 
74.208350 88.332184 
80.404970 107.009486 
86.590210 38.884191 
92.197222 68.504534 
97.772430 67.831036 
103.359780 95.921642 
108.952090 166.497002 
114.554820 271.227830 
120.121040 233.808805 
125.719690 206.405985 
131.289300 261.361424 
136.889800 349.210192 
142.457050 394.883695 
148.050980 45.706392 
153.644950 32.670570 
159.179920 34.700335 
164.789210 0.000000 
