0.000000 191.314179 
5.981197 191.314179 
11.615880 226.325708 
17.670910 215.589673 
23.548570 143.503308 
29.463790 181.892146 
35.402670 170.386750 
41.252360 182.857746 
47.190390 165.407422 
53.109420 153.064453 
59.001080 95.457598 
64.884170 112.917765 
70.821830 130.056245 
76.730360 128.711045 
82.644590 91.474917 
88.375640 78.187597 
93.922100 61.423958 
99.581620 84.767355 
105.193670 94.316240 
110.814190 127.087939 
116.505270 23.572782 
122.001370 43.313803 
127.701890 113.308149 
133.334250 244.578385 
138.981340 64.732387 
144.598750 14.494763 
150.290030 16.111613 
155.812600 16.111613 
161.524340 0.000000 
