0.000000 124.537180 
6.750853 124.537180 
13.547960 83.550627 
20.183750 211.338402 
27.023440 153.662755 
33.769420 137.845050 
40.518590 101.870189 
47.305840 66.738204 
54.002630 42.247266 
60.801830 33.818611 
67.533950 13.482822 
74.299270 48.568940 
81.054450 79.328089 
87.811860 132.916247 
94.567480 88.707414 
100.078031 95.130762 
105.482620 111.727620 
110.943180 203.405464 
116.398320 287.042037 
121.859890 360.516476 
127.314060 279.812448 
132.752990 321.338170 
138.223220 407.304596 
143.673060 397.490596 
149.130770 408.828236 
154.574860 36.309038 
160.010660 52.498593 
165.446350 47.173490 
170.914530 0.000000 
