0.000000 293.920602 
5.815114 293.920602 
11.574700 234.791667 
17.394320 157.177987 
23.216150 82.910202 
28.990110 84.488917 
34.814950 81.031423 
40.654630 53.549596 
46.369500 37.442363 
52.204470 34.782263 
58.026550 63.450784 
63.860130 68.344985 
69.585080 80.817760 
75.448100 101.929443 
81.257350 63.636488 
85.227542 85.724751 
89.175714 159.357930 
93.061310 159.092943 
97.008400 74.905391 
100.985180 54.279152 
104.950470 44.280513 
108.903740 46.262894 
112.872600 75.682033 
116.862720 79.664698 
120.785180 9.949050 
124.762640 9.949050 
128.709780 9.949050 
132.668830 9.949050 
136.642670 0.000000 
