0.000000 210.891659 
5.669725 210.891659 
11.402070 152.219436 
17.132660 160.387144 
22.876180 139.090803 
28.606530 180.852764 
34.337210 202.616180 
40.117420 159.673819 
45.783070 184.078233 
51.539390 165.118790 
57.283120 136.314641 
62.955910 105.136785 
68.738340 81.502739 
74.444570 71.897806 
80.189360 25.727228 
84.697859 45.248505 
89.216845 38.939170 
93.708090 41.855676 
98.225510 47.566407 
102.691870 16.260801 
107.068060 13.356983 
111.664510 31.339003 
116.127530 62.850100 
120.657320 76.829752 
125.130360 9.761101 
129.643070 9.761101 
134.158530 9.761101 
138.671550 9.761101 
143.181800 0.000000 
