0.000000 195.975712 
5.869739 195.975712 
11.896760 136.513335 
17.865300 113.112037 
23.859750 71.326251 
29.832880 46.622484 
35.802290 53.118497 
41.843150 28.580188 
47.729290 30.470860 
53.755050 35.045909 
59.768600 33.208680 
65.602870 37.351986 
71.695020 80.701823 
77.675030 89.472246 
83.663650 58.675301 
87.591096 118.538262 
91.518993 226.882607 
95.439480 196.445023 
99.380160 105.022365 
103.234260 75.220366 
107.156760 66.426896 
111.051880 59.124423 
114.979210 74.757611 
118.902900 89.094556 
122.837490 25.046976 
126.754400 9.269273 
130.683870 9.269273 
134.581740 9.269273 
138.482340 0.000000 
