0.000000 160.939825 
6.063225 160.939825 
12.095910 94.431773 
18.124660 57.415065 
24.171640 24.551347 
30.211050 13.808558 
36.347540 40.346060 
42.346200 26.846702 
48.464110 15.121441 
54.334790 25.047305 
60.427270 28.749127 
66.491200 40.950002 
72.564120 69.900761 
78.438070 82.870703 
84.546410 84.261030 
88.605922 110.085395 
92.676996 166.171969 
96.715530 230.117237 
100.785570 250.757362 
104.852670 146.825423 
108.906050 128.087690 
112.955380 125.084964 
117.026180 122.109919 
121.097160 147.401574 
125.159250 21.020954 
129.113090 15.821901 
133.225760 7.800812 
137.266620 7.800812 
141.333860 0.000000 
