0.000000 121.467848 
6.056571 121.467848 
12.001010 70.173873 
18.098000 69.522692 
24.123650 40.576602 
30.182100 41.546170 
36.196470 53.267591 
42.317000 57.944449 
48.147610 48.386864 
54.255970 45.323784 
60.332580 58.642810 
66.302630 73.421376 
72.362320 89.643268 
78.282000 105.208047 
84.347260 77.632337 
88.672046 106.461187 
93.050320 142.773926 
97.346850 162.058822 
101.676880 174.048643 
105.941350 80.872221 
110.302420 55.945451 
114.606250 58.854373 
118.939300 67.617481 
123.269600 97.345466 
127.575860 127.255268 
131.870450 21.240746 
136.203990 11.525415 
140.506960 11.525415 
144.845720 0.000000 
