0.000000 149.164149 
5.843470 149.164149 
11.658150 132.902261 
17.497770 83.861770 
23.321160 26.597361 
29.154190 44.057470 
34.989650 37.891715 
40.836800 41.291232 
46.637490 45.806572 
52.422250 46.872192 
58.275180 62.217778 
64.097510 85.186130 
69.902750 122.121570 
75.698260 150.296836 
81.557120 90.902617 
85.881832 106.176626 
90.208381 176.228119 
94.606810 170.486406 
98.616430 181.679903 
103.054540 100.130611 
107.349190 69.595097 
111.670330 58.344970 
115.998370 84.441187 
120.297570 96.497590 
124.587220 163.027469 
128.900260 41.271887 
133.215200 16.030224 
137.537720 16.471687 
141.833430 0.000000 
