0.000000 90.231200 
6.066711 90.231200 
12.044040 104.429403 
18.080950 140.729304 
24.103630 187.169186 
30.142830 198.328866 
36.143060 252.886339 
42.189000 235.231555 
48.180550 246.602499 
54.189020 201.705894 
60.331390 137.521081 
66.234210 105.335392 
72.336550 92.915021 
78.359720 65.984111 
84.392460 19.956399 
89.047512 40.768510 
93.718340 26.697928 
98.322500 23.261617 
103.052210 39.870115 
107.667480 69.824176 
112.305850 32.412496 
116.964650 34.808811 
121.621270 51.298339 
126.279000 128.489211 
130.924410 242.588639 
135.581960 21.014284 
140.245830 22.779356 
144.884410 17.201276 
149.540580 0.000000 
