0.000000 162.361678 
5.845435 162.361678 
11.512660 131.919801 
17.375490 189.454018 
23.154860 180.952699 
28.956740 237.306093 
34.743970 271.691747 
40.560320 232.023001 
46.307380 215.236295 
52.081610 181.872008 
57.858770 164.842642 
63.649030 139.069930 
69.444660 88.496304 
75.246130 48.431562 
81.043690 3.707451 
85.529538 42.778502 
89.997910 32.277919 
94.445560 22.171745 
98.961970 33.095875 
103.358810 54.819880 
107.852360 13.488243 
112.340740 23.426501 
116.739490 60.330059 
121.084510 82.648975 
125.535030 155.880081 
130.008340 23.533444 
134.516170 11.998443 
138.919520 9.976072 
143.433720 0.000000 
