0.000000 81.903406 
6.059623 81.903406 
11.985110 60.903701 
18.066470 83.165880 
24.077080 155.474487 
30.083510 197.417285 
36.119650 207.812078 
42.115720 213.386515 
48.118000 200.746877 
54.142790 159.041559 
60.187030 121.543469 
66.112100 79.409663 
72.174350 53.343819 
78.153890 45.780998 
84.178630 2.506204 
89.043762 42.275722 
93.988566 22.703872 
98.761240 28.931062 
103.697540 53.385073 
108.512660 93.351138 
113.390760 51.322394 
118.280030 58.582621 
123.150740 78.012290 
128.010510 108.662954 
132.882950 50.321184 
137.763650 30.358853 
142.619900 12.817681 
147.465100 8.204965 
152.337000 0.000000 
