0.000000 188.388654 
5.818134 188.388654 
11.604090 151.831085 
17.467980 168.065562 
23.193310 129.556861 
29.010620 149.747474 
34.814480 168.228536 
40.638880 140.122954 
46.422360 153.027032 
52.224010 147.399977 
58.018060 127.439888 
63.814680 121.041236 
69.603120 88.197416 
75.421900 80.351857 
81.226820 24.272029 
85.540513 71.511407 
89.837319 52.515723 
94.301380 39.652242 
98.163880 38.207965 
102.166680 21.446351 
106.616430 9.581943 
110.925890 16.797171 
115.237850 57.723008 
119.540750 79.459712 
123.860390 38.659410 
128.162100 16.830353 
132.568160 9.050543 
136.728760 9.050543 
141.111190 0.000000 
