0.000000 59.152697 
6.157612 59.152697 
12.424130 25.568178 
18.670110 50.386158 
24.899600 27.971978 
31.150410 40.034022 
37.407050 46.304059 
43.655730 40.974439 
49.928290 31.348461 
56.107900 41.264686 
62.366190 44.369537 
68.641190 53.997905 
74.784400 99.840710 
81.038620 134.293573 
87.285610 96.805611 
92.149493 180.093418 
97.063884 174.331942 
101.842390 193.472176 
106.790220 303.578151 
111.465890 125.956544 
116.327160 100.154056 
121.171420 133.071033 
126.027720 142.103147 
130.843180 152.077169 
135.701390 45.972622 
140.557850 31.708387 
145.403060 17.807264 
150.248720 17.807264 
155.112830 0.000000 
