0.000000 287.802733 
6.840937 287.802733 
13.828370 310.005095 
20.597290 197.343273 
27.416060 144.252644 
34.341650 175.619394 
41.084680 180.604158 
48.000240 224.078006 
54.849110 159.424990 
61.689480 159.153462 
68.502190 131.949559 
75.351470 128.749399 
82.185020 233.306405 
89.033870 259.632485 
95.868830 165.132962 
101.528145 255.819850 
107.158770 265.262911 
112.795250 156.579289 
118.469480 105.870371 
124.095050 57.552118 
129.746840 37.180504 
135.414010 30.376794 
141.063240 44.143872 
146.716100 78.797882 
152.376190 93.745226 
158.034770 28.611147 
163.699010 23.612981 
169.329890 24.121189 
174.988040 0.000000 
