0.000000 389.033510 
7.074458 389.033510 
14.037060 324.480357 
21.119410 309.543257 
28.153660 344.254288 
35.175690 353.591356 
42.207930 375.956209 
49.226720 347.988705 
56.252390 358.783851 
63.266540 209.209891 
70.281700 116.065942 
77.321290 99.050569 
84.342800 115.151576 
91.361150 80.810441 
98.390250 34.165561 
103.887104 105.887085 
109.417970 82.900082 
114.899660 55.229490 
120.350210 63.821665 
125.887530 49.639214 
131.354410 51.438172 
136.872120 44.083561 
142.367980 70.133028 
147.770060 106.641871 
153.213760 154.867652 
158.689950 57.278286 
164.166270 38.409032 
169.689080 34.771252 
175.159340 0.000000 
