0.000000 328.071389 
6.906922 328.071389 
13.765700 360.644725 
20.688910 254.514023 
27.583840 201.436861 
34.494690 149.662442 
41.390240 144.363659 
48.335830 122.434706 
55.134170 79.179479 
62.048270 73.233545 
68.964330 50.947998 
75.846310 87.845806 
82.760510 204.589465 
89.663770 242.166699 
96.566280 225.113388 
102.108826 474.494469 
107.651690 542.624349 
113.193080 387.192926 
118.726870 278.625393 
124.255720 257.859379 
129.820120 97.846918 
135.238300 74.474070 
140.828870 97.643380 
146.314020 122.068199 
151.911030 164.016788 
157.494960 51.793699 
162.954220 43.358268 
168.523260 23.864865 
174.063530 0.000000 
