0.000000 285.618179 
7.017125 285.618179 
14.016190 308.954929 
20.978570 220.836130 
28.060820 62.716193 
34.950810 42.140705 
41.981320 37.049424 
49.014050 30.703788 
55.950000 19.603590 
62.960030 36.110309 
69.954640 61.619459 
76.914570 109.280403 
83.904030 232.574708 
90.900850 259.720172 
97.895930 288.033319 
103.486197 493.288431 
109.062350 486.604168 
114.696740 465.521169 
120.319480 435.525603 
125.943440 288.153134 
131.573980 223.989886 
137.195070 140.466942 
142.791360 111.412180 
148.401140 209.221110 
154.051880 137.776293 
159.647990 39.403443 
165.279440 39.403443 
170.901980 39.403443 
176.525970 0.000000 
