0.000000 230.826514 
6.936321 230.826514 
13.871720 221.641534 
20.809630 286.334914 
27.855730 159.441657 
34.694180 152.439101 
41.655590 162.689426 
48.597460 142.412896 
55.524550 144.255397 
62.469460 144.199094 
69.367810 110.662884 
76.332010 145.319522 
83.213010 168.855138 
90.103400 226.972005 
97.062310 236.860376 
102.359496 329.281614 
107.604100 249.419173 
112.913080 137.417194 
118.147480 87.070566 
123.410930 75.169297 
128.680240 56.403486 
133.967660 63.613736 
139.243720 88.254801 
144.523300 138.176477 
149.828220 188.095809 
155.057360 49.501496 
160.363700 49.501496 
165.554570 49.501496 
170.844230 0.000000 
