0.000000 290.775252 
6.513762 290.775252 
13.010020 266.935367 
19.501900 271.474409 
26.013840 202.452025 
32.533620 152.344492 
39.037760 198.587448 
45.561670 217.991541 
52.042100 161.618797 
58.564950 164.953962 
65.073740 151.546779 
71.558550 179.613891 
78.020230 269.892158 
84.608420 286.818943 
91.101600 308.248202 
97.018737 335.797385 
102.904530 357.858384 
108.794730 297.594989 
114.672110 224.660193 
120.576830 185.634924 
126.515170 173.237520 
132.414310 59.948944 
138.279110 63.711573 
144.153560 30.565387 
150.010640 85.405432 
155.906080 42.792021 
161.859950 42.792021 
167.457420 42.792021 
173.357200 0.000000 
