0.000000 79.977852 
7.218027 79.977852 
14.248740 70.880398 
21.462560 516.656378 
28.662980 745.872862 
35.839080 831.440081 
43.020350 1100.735573 
50.192540 389.132894 
57.368770 220.013509 
64.550840 149.822639 
71.727470 79.637922 
78.905980 63.085966 
86.077470 106.588931 
93.259130 121.449283 
100.415700 41.102885 
106.834540 188.215783 
113.202360 135.821868 
119.598050 133.984008 
126.055020 168.518324 
132.305920 192.503167 
138.824260 198.442338 
145.221550 68.488202 
151.627090 68.537487 
157.984820 88.418743 
164.383550 139.009170 
170.779080 140.964054 
177.194240 33.419713 
183.634530 33.419713 
189.925620 0.000000 
