0.000000 322.534987 
6.653983 322.534987 
13.386700 363.189753 
20.156770 334.156355 
26.866350 329.794019 
33.574870 313.531721 
40.289260 258.196853 
46.994360 251.448310 
53.707910 235.488278 
60.421550 185.162984 
67.135550 147.472856 
73.849330 103.343626 
80.563440 90.624244 
87.275500 108.587361 
93.989190 41.232969 
99.982865 130.777036 
105.822240 114.306738 
111.879080 75.851461 
117.745110 62.523758 
123.752780 50.130554 
129.715570 30.088001 
135.611240 52.792193 
141.625400 75.925529 
147.582910 158.128911 
153.550990 233.091523 
159.523180 32.802839 
165.488580 25.639910 
171.440540 25.639910 
177.413390 0.000000 
