0.000000 85.619905 
7.118509 85.619905 
14.235490 52.895563 
21.392380 348.307038 
28.410320 585.120054 
35.596870 693.814252 
42.719480 148.285405 
49.838170 162.875405 
56.952350 143.736892 
64.101540 107.155747 
71.220230 59.816828 
78.335680 70.947523 
85.442960 90.678933 
92.572530 106.246761 
99.684610 152.837313 
105.541981 296.247888 
111.373310 279.774198 
117.225230 252.022933 
123.070100 135.827904 
128.911330 105.484106 
134.755450 60.989978 
140.602940 63.460189 
146.446690 92.635503 
152.295930 139.106029 
158.145290 165.708164 
163.974450 42.639016 
169.827670 36.927499 
175.665840 42.659861 
181.510910 0.000000 
