0.000000 362.433777 
6.791196 362.433777 
13.587170 318.084784 
20.385970 356.569159 
27.215870 342.902742 
33.944850 324.224969 
40.785380 346.092383 
47.571070 355.030261 
54.385270 270.558695 
61.189760 205.926592 
67.994420 132.374251 
74.800230 116.649357 
81.608220 92.768014 
88.406390 98.070755 
95.212470 56.082000 
101.226006 77.862219 
107.232520 120.285848 
113.238250 81.315389 
119.201300 83.032310 
125.201760 76.467937 
131.237350 51.808255 
137.199320 56.513962 
143.223050 85.491917 
149.293610 168.328361 
155.213200 293.429137 
161.175660 72.959985 
167.200710 60.971712 
173.209770 84.162898 
179.223530 0.000000 
