0.000000 45.288488 
6.917153 45.288488 
13.833990 54.254483 
20.750000 372.626156 
27.671850 652.613545 
34.607630 142.433077 
41.484230 124.630644 
48.396960 126.969170 
55.320770 166.568142 
62.238510 201.254888 
69.157680 195.369328 
76.065790 249.134688 
83.001110 411.083338 
89.930420 504.469047 
96.810360 439.226203 
103.040564 594.578625 
108.968240 553.971528 
114.802320 396.276597 
120.603020 234.725823 
126.724740 129.344254 
132.770900 76.640431 
138.830780 49.685152 
144.888380 60.927196 
150.908160 97.551182 
157.001560 129.252286 
163.076540 73.848822 
169.040830 49.049223 
175.087200 72.118234 
181.151390 0.000000 
