0.000000 328.931686 
10.850790 328.931686 
21.710000 281.245599 
32.544980 484.490029 
43.358610 368.261871 
54.220820 329.120189 
64.978610 296.692262 
75.870420 293.788712 
86.669000 208.044044 
97.562740 170.975684 
108.346300 173.768956 
119.057800 219.965980 
129.979700 296.800240 
140.853400 276.338857 
151.622700 274.542862 
157.133807 273.913398 
162.609100 319.230299 
168.107150 304.319783 
173.609280 198.856373 
179.102400 65.133339 
184.593640 89.577854 
190.176540 204.257684 
195.367140 368.952379 
200.910020 87.280149 
206.377730 70.728050 
211.888390 73.021643 
217.392760 74.773430 
222.866100 53.537456 
228.304660 0.000000 
