0.000000 349.633074 
7.198771 349.633074 
14.398320 284.770718 
21.584130 637.911806 
28.736450 542.091280 
35.950320 498.943266 
43.123400 549.791950 
50.348300 552.152884 
57.550140 397.752248 
64.751230 365.246247 
71.937930 226.469087 
79.159680 149.828466 
86.333750 99.891076 
93.532250 52.752986 
100.734100 74.289573 
106.677777 89.642038 
112.421670 45.233981 
118.202320 85.183966 
124.072340 87.493013 
130.029690 65.364812 
135.957410 73.744206 
141.696500 184.962848 
147.666320 268.397948 
153.606880 100.688935 
159.516410 44.715891 
165.417220 100.978713 
171.327960 94.421968 
177.242190 86.195090 
183.155640 0.000000 
