0.000000 488.728761 
7.286566 488.728761 
14.583280 413.706420 
21.854870 337.675694 
29.155290 212.774865 
36.428060 128.314493 
43.732640 127.943529 
51.040060 125.740294 
58.343990 116.976802 
65.559770 132.492176 
72.884590 199.936848 
80.180030 282.553484 
87.467550 323.478546 
94.759670 369.679030 
102.052600 426.843343 
108.233130 476.947882 
114.358950 462.188373 
120.555630 459.582207 
126.708040 359.355699 
132.862460 123.665684 
139.115580 159.398261 
145.101130 197.098765 
151.341680 298.189911 
157.476650 124.671547 
163.645760 67.184029 
169.781740 66.651475 
175.929580 61.968819 
182.095810 61.968819 
188.231660 0.000000 
