0.000000 239.925465 
7.413429 239.925465 
14.821120 251.785694 
22.178700 21.185605 
29.583400 20.459841 
37.039900 16.152751 
44.442880 38.238933 
51.805920 36.911599 
59.223960 35.513645 
66.558680 41.880361 
73.979720 121.283587 
81.384220 229.681223 
88.801110 397.403999 
96.098400 507.317924 
103.525900 577.926031 
109.675038 748.851032 
115.497000 781.607710 
121.456120 686.424992 
127.543720 606.089477 
133.430740 269.976128 
139.477450 324.291779 
145.396240 373.125798 
151.428510 410.017704 
157.420240 99.024926 
163.425520 68.108676 
169.433580 87.303054 
175.409130 105.959227 
181.406970 57.293728 
187.409220 0.000000 
