0.000000 161.012040 
7.215877 161.012040 
14.416500 284.145512 
21.639970 395.554303 
28.839570 291.480536 
36.064070 322.456768 
43.260670 335.139664 
50.483480 329.491829 
57.684540 266.400154 
64.856660 209.064296 
72.078540 240.535432 
79.289970 248.648217 
86.497870 317.221393 
93.707530 295.982213 
100.918800 267.829459 
106.842756 213.359388 
112.759990 195.428353 
118.679110 188.870678 
124.632800 135.703438 
130.483450 104.404442 
136.454210 93.987211 
142.308420 258.571891 
148.252490 507.419544 
154.183150 65.172918 
160.071160 34.034816 
166.005430 34.608342 
171.918380 31.461941 
177.841550 29.356857 
183.750020 0.000000 
