0.000000 153.185953 
7.368907 153.185953 
14.744500 153.185953 
22.124220 207.111861 
29.553650 103.859918 
36.877400 102.349195 
44.312550 87.843567 
51.680870 67.450721 
59.119380 77.037326 
66.420810 76.636304 
73.856800 136.776717 
81.245940 177.452708 
88.679930 317.418291 
96.053510 274.508325 
103.452600 402.056923 
109.458496 501.552554 
115.417040 546.864593 
121.440850 556.539595 
127.366610 407.877088 
133.397430 235.571673 
139.395070 251.001977 
145.319840 333.224607 
151.334840 483.727520 
157.336350 124.165360 
163.352540 113.886228 
169.298850 90.060428 
175.280530 98.966041 
181.275750 95.754145 
187.265910 0.000000 
