0.000000 83.201195 
6.947583 83.201195 
13.920900 182.824205 
20.813970 295.296284 
27.759240 634.575312 
34.710160 659.486380 
41.634270 591.879525 
48.606980 606.290542 
55.487480 490.770703 
62.431380 388.938957 
69.354010 303.181104 
76.316850 218.514995 
83.255000 179.027222 
90.199380 83.114500 
97.147400 54.312556 
103.283474 30.738655 
109.589610 21.127590 
115.871960 56.988327 
122.136840 74.343283 
128.410460 73.858118 
134.697580 43.630013 
140.911200 75.589453 
147.185170 177.027482 
153.481530 179.854585 
159.748330 58.292333 
166.026730 47.610878 
172.293430 77.687197 
178.570460 50.360712 
184.844020 0.000000 
