0.000000 228.421459 
6.708572 228.421459 
13.260090 193.848304 
19.957720 374.543918 
26.641350 519.723202 
33.308000 540.954492 
40.008860 663.354848 
46.683270 550.688739 
53.354590 622.513799 
60.039480 440.837710 
66.729790 327.860888 
73.405210 262.318964 
80.077170 222.649734 
86.763700 160.531229 
93.446740 97.886122 
99.749950 41.628914 
106.036620 31.537133 
112.300970 55.193340 
118.602100 73.147610 
124.892920 95.319600 
131.198650 39.776320 
137.467170 85.357755 
143.750480 197.263965 
150.059560 224.861426 
156.323700 77.020219 
162.616340 65.818352 
168.900570 43.953123 
175.191160 43.953123 
181.483990 0.000000 
