0.000000 141.125654 
6.499680 35.322228 
12.976030 230.473360 
19.417550 598.314417 
25.940510 718.430039 
32.420300 491.271770 
38.893560 568.576988 
45.364340 504.403739 
51.950900 410.941482 
58.311760 298.688748 
64.817000 233.078703 
71.320550 173.242822 
77.786300 119.971573 
84.281050 105.034230 
90.769600 68.028922 
97.512877 66.716172 
104.301800 13.144866 
111.087190 24.840025 
117.871250 83.706752 
124.665030 168.191628 
131.453620 155.709895 
138.245830 103.007774 
145.017020 204.070625 
151.845380 404.927062 
158.578120 97.118292 
165.324120 93.576282 
172.165500 81.256424 
178.909390 109.077478 
185.675250 0.000000 
