0.000000 230.924069 
7.241816 230.924069 
14.501870 353.218734 
21.680330 501.300536 
28.929660 423.336723 
36.159960 413.398665 
43.401730 407.101474 
50.655920 386.731714 
57.861040 309.515660 
65.127980 256.708128 
72.337840 215.088631 
79.595440 160.709849 
86.837870 218.994402 
94.072200 139.751532 
101.309100 114.073607 
106.857805 88.492279 
112.454870 106.712183 
118.033770 106.818617 
123.700820 66.443706 
129.336740 75.110735 
134.987940 105.980639 
140.591910 144.899480 
146.272260 307.738784 
151.883660 87.981975 
157.555240 77.440655 
163.191850 71.355316 
168.863040 80.779650 
174.508860 80.779650 
180.127020 0.000000 
