0.000000 77.644422 
7.151883 77.644422 
14.336800 186.026226 
21.463420 377.804139 
28.651930 219.804751 
35.829590 142.277252 
43.000110 120.418298 
50.181170 77.656516 
57.289250 54.817670 
64.470400 20.409497 
71.656770 38.457674 
78.822600 128.814717 
85.990280 179.796666 
93.163910 198.816447 
100.334000 239.638456 
106.893729 321.929037 
113.508280 369.231235 
119.964710 535.577651 
126.589830 507.092123 
133.122460 509.805746 
139.689330 273.085303 
146.210480 360.693902 
152.781710 527.286989 
159.370370 460.859058 
165.868240 120.613094 
172.392080 90.915339 
178.973040 87.639959 
185.532920 78.808519 
192.098310 0.000000 
