1 0.42 0.34 0.29 0.34 0.22 0.24 0.27 0.28 0.28 0.41 0.46
2 0.48 0.45 0.33 0.35 0.26 0.23 0.12 0.24 0.35 0.47 0.67
3 0.53 0.53 0.51 0.35 0.44 0.25 0.16 0.20 0.46 0.77 0.77
4 0.58 0.66 0.89 0.63 0.72 0.34 0.39 0.27 0.83 1.11 0.88
5 0.74 1.01 1.14 1.21 0.94 0.42 0.55 0.40 1.39 1.24 1.14
6 1.21 1.39 1.08 1.65 0.94 0.49 0.47 0.36 1.63 1.11 1.67
7 1.97 1.57 0.94 1.61 0.85 0.45 0.31 0.21 1.51 0.99 2.21
8 2.58 1.64 1.03 1.26 0.76 0.36 0.23 0.13 1.36 1.05 2.41
9 2.84 1.83 1.39 0.96 0.69 0.34 0.28 0.17 1.33 1.19 2.73
10 3.16 2.15 1.82 0.98 0.73 0.40 0.40 0.33 1.37 1.31 3.38
11 3.84 2.29 2.16 1.29 0.99 0.48 0.47 0.45 1.34 1.41 3.72
12 4.49 2.32 2.34 1.59 1.37 0.53 0.49 0.46 1.26 1.46 3.52
13 4.82 2.43 2.41 1.80 1.68 0.54 0.53 0.45 1.14 1.32 3.06
14 4.94 2.46 2.34 1.92 1.86 0.56 0.56 0.48 1.02 1.08 2.60
15 4.78 2.36 2.14 1.90 1.82 0.54 0.52 0.48 0.85 0.85 2.23
16 4.30 2.17 1.86 1.76 1.56 0.40 0.59 0.36 0.64 0.70 1.85
17 3.82 1.91 1.72 1.65 1.34 0.28 0.73 0.22 0.50 0.71 1.49
18 3.35 1.77 1.84 1.68 1.28 0.31 0.85 0.15 0.51 0.95 1.28
19 2.92 1.87 2.00 1.79 1.36 0.41 1.06 0.20 0.71 1.31 1.28
20 2.82 2.07 2.03 1.90 1.58 0.55 1.39 0.53 1.01 1.51 1.34
21 2.84 2.20 1.96 1.87 1.82 0.73 1.78 1.07 1.22 1.47 1.25
22 2.62 2.14 1.81 1.73 1.96 0.82 2.05 1.47 1.22 1.37 0.93
23 2.22 1.90 1.59 1.59 1.94 0.77 2.15 1.67 1.08 1.33 0.50
24 1.83 1.56 1.35 1.41 1.76 0.74 2.29 1.91 0.99 1.38 0.18
25 1.42 1.20 1.20 1.21 1.60 0.76 2.64 2.26 1.10 1.53 0.15
26 1.00 0.88 1.17 1.05 1.60 0.85 3.29 2.75 1.36 1.78 0.40
27 0.67 0.63 1.16 0.90 1.69 1.03 3.85 3.31 1.75 2.09 0.75
28 0.46 0.45 1.12 0.77 1.72 1.25 4.13 3.91 2.32 2.39 1.07
29 0.31 0.34 1.19 0.79 1.79 1.49 4.41 4.72 2.95 2.67 1.33
30 0.19 0.35 1.37 0.92 2.05 1.74 4.86 5.53 3.48 2.84 1.54
31 0.15 0.54 1.51 1.07 2.44 1.99 5.37 5.84 3.93 2.84 1.81
32 0.19 0.84 1.61 1.27 2.79 2.19 5.67 5.70 4.22 2.72 2.20
33 0.26 1.05 1.70 1.45 2.93 2.23 5.60 5.42 4.30 2.58 2.59
34 0.27 1.11 1.82 1.51 3.03 2.12 5.15 4.97 4.21 2.44 2.87
35 0.22 1.16 1.95 1.37 3.26 1.93 4.44 4.36 3.98 2.33 3.03
36 0.32 1.35 2.01 1.20 3.48 1.65 3.72 3.79 3.62 2.17 2.94
37 0.64 1.61 2.03 1.30 3.54 1.33 3.17 3.33 3.10 1.83 2.56
38 1.09 1.84 2.10 1.48 3.49 1.01 2.69 2.89 2.42 1.44 2.10
39 1.67 2.10 2.26 1.34 3.52 0.72 2.43 2.37 1.71 1.06 1.64
40 2.31 2.42 2.50 1.02 3.92 0.57 2.64 1.82 1.23 0.70 1.20
41 2.77 2.66 2.70 0.80 4.55 0.48 3.00 1.41 1.05 0.46 0.91
42 2.83 2.64 2.73 0.71 4.95 0.43 3.07 1.33 1.08 0.36 0.75
43 2.57 2.48 2.63 0.62 4.94 0.37 2.75 1.46 1.21 0.31 0.58
44 2.28 2.40 2.49 0.38 4.57 0.27 2.15 1.48 1.35 0.26 0.29