Subject Coefficient i ( e  æ # Ä Å o * u
SF1 q1 -4.667 -2.456 -1.206 -1.275 0.359 1.168 3.170 3.790 1.572 0.756 -1.211
SF1 q2 0.770 0.610 0.894 -1.119 2.455 -2.108 1.619 0.342 -0.485 -1.500 -1.478
SF1 q3 0.496 0.330 -0.135 0.690 -0.222 1.406 0.197 0.250 -1.044 -0.018 -1.949
SF2 q1 -4.025 0.070 -2.213 0.930 0.821 1.263 2.969 3.457 0.563 -0.692 -3.142
q2 0.859 1.059 0.761 2.833 0.789 -0.355 -1.311 -0.123 -1.075 -1.485 -1.952
q3 0.357 -1.728 0.852 -0.150 1.067 -0.244 0.734 0.332 -1.270 0.230 -0.180
SF3 q1 -4.927 -2.506 -2.228 -0.591 2.999 0.961 3.460 3.761 1.378 -0.179 -2.128
q2 1.503 0.825 1.618 1.000 2.842 -2.290 0.546 0.715 -1.942 -2.467 -2.351
q3 -0.249 0.702 0.384 0.233 -0.608 0.549 -0.347 0.178 0.168 0.499 -1.508
SM1 q1 -3.860 -2.192 -1.334 -0.956 0.295 1.169 2.659 4.260 1.761 -0.120 -1.683
q2 0.131 0.510 0.636 0.717 1.437 -0.251 0.542 0.294 -1.206 -1.448 -1.360
q3 -0.410 0.242 0.400 0.138 -0.184 0.658 0.038 -0.687 -0.001 0.895 -1.090
SM2 q1 -4.777 -2.109 -3.115 ¯ 1.864 0.396 4.175 4.816 0.915 -0.449 -1.715
q2 0.879 0.529 1.276 ¯ 3.209 -0.142 0.694 -0.727 -1.621 -1.242 -2.854
q3 0.298 -0.670 1.039 ¯ -1.300 1.254 0.084 0.461 0.332 -0.214 -1.285
SM3 q1 -5.047 -2.349 -1.740 -1.682 0.916 -0.235 3.409 5.066 3.725 -1.350 -0.714
q2 -0.079 0.851 2.176 1.184 3.531 -1.979 -0.213 0.298 -0.656 -2.657 -2.457
q3 -1.551 0.812 0.584 0.901 -0.801 1.453 0.709 -0.012 -1.246 0.999 -1.849