0.000000 259.979062 
6.013370 259.979062 
11.896340 226.797863 
17.910600 114.170773 
23.880390 101.121100 
29.848900 115.230120 
35.797780 121.022518 
41.801570 121.206556 
47.674650 100.410008 
53.666440 108.747086 
59.626010 107.832293 
65.623880 92.215361 
71.553370 118.294041 
77.532860 153.950620 
83.481220 144.902178 
88.410566 157.031146 
93.346379 218.558303 
98.287230 240.330678 
103.225190 192.120382 
108.169650 195.436475 
113.119220 78.210077 
118.043400 102.872054 
122.965600 213.367980 
127.935980 256.428782 
132.886470 65.598767 
137.796080 65.598767 
142.752960 50.413958 
147.695470 150.239470 
152.637530 0.000000 
