0.000000 201.287558 
5.962261 201.287558 
11.889110 147.555962 
17.901780 170.963830 
23.777720 193.042395 
29.759470 233.958854 
35.702220 190.415735 
41.667340 125.074626 
47.614770 159.389342 
53.535520 165.597824 
59.501090 104.801027 
65.445060 81.534091 
71.407510 74.055978 
77.351880 84.560444 
83.308230 22.245986 
88.694455 196.921110 
94.012050 198.066604 
99.416680 99.824122 
104.728850 91.865603 
110.097570 54.173267 
115.443880 83.576521 
120.841510 82.991880 
126.162250 171.828899 
131.539910 209.221671 
136.904070 209.221671 
142.233390 209.221671 
147.597450 69.459573 
152.934970 95.427853 
158.286480 0.000000 
