0.000000 276.037902 
6.086085 276.037902 
12.193030 123.369786 
18.275440 124.228926 
24.383930 133.533363 
30.499810 69.512602 
36.584780 75.669373 
42.705100 67.951118 
48.792100 65.160862 
54.903640 57.476267 
61.004410 70.829820 
67.143170 71.329944 
73.160970 115.420662 
79.298080 136.872274 
85.414060 103.927795 
90.235518 239.424972 
95.013622 268.033879 
99.837210 299.661339 
104.652470 215.316685 
109.460030 100.578944 
114.225920 106.404011 
119.054220 143.658067 
123.851010 144.988488 
128.666600 159.351483 
133.514440 87.411279 
138.203960 32.105762 
142.992570 28.927875 
147.832550 49.598954 
152.646680 0.000000 
