0.000000 226.133556 
6.272680 226.133556 
12.403960 220.122890 
18.783070 66.324359 
25.059620 63.137162 
31.304350 27.336619 
37.639160 33.230179 
43.846590 48.400496 
50.147440 45.164986 
56.484080 47.866820 
62.670680 53.108599 
69.093370 65.176537 
75.172990 115.560201 
81.503320 180.175594 
87.768250 167.403566 
92.412311 320.514158 
97.064342 438.160921 
101.679730 471.685360 
106.328240 504.149051 
110.953340 226.207979 
115.583170 225.743013 
120.229020 252.186113 
124.836830 316.230813 
129.500700 341.521503 
134.055490 65.491559 
138.731940 54.584314 
143.362240 64.400906 
147.994930 64.400906 
152.638540 0.000000 
