0.000000 131.772620 
6.065834 131.772620 
12.170560 188.066760 
18.269260 106.069625 
24.380490 61.668057 
30.485600 120.360237 
36.604160 131.156059 
42.684240 135.008143 
48.827410 164.524513 
54.906970 177.062378 
61.015310 158.947015 
67.191870 173.989481 
73.177710 243.818603 
79.264150 203.780643 
85.381270 204.307434 
90.564362 193.946389 
95.773900 127.713255 
100.912420 141.215718 
106.123810 157.535538 
111.309460 155.843294 
116.496290 84.945793 
121.643720 97.055621 
126.835410 139.074512 
131.998440 194.718087 
137.170700 41.865355 
142.358900 35.669633 
147.523010 53.474597 
152.677760 30.299557 
157.851050 0.000000 
