0.000000 200.268835 
5.721359 200.268835 
11.621660 170.221932 
17.491810 71.959854 
23.359980 79.202830 
29.222070 128.697654 
35.095540 122.712499 
40.945500 119.452230 
46.800890 131.201920 
52.680210 128.996149 
58.524140 130.395009 
64.417080 145.823162 
70.224830 175.862614 
76.063620 243.165734 
81.955530 183.689797 
87.042727 215.869886 
92.147200 232.988945 
97.291850 177.918411 
102.322390 198.423600 
107.459710 207.238073 
112.566110 100.924645 
117.703660 76.727697 
122.781960 110.648868 
127.917720 205.503641 
133.032600 42.948915 
138.138960 26.047581 
143.264990 50.138788 
148.366750 45.569955 
153.489540 0.000000 
