0.000000 124.881257 
5.965182 124.881257 
11.919780 114.123267 
17.889520 233.827039 
23.855860 340.035113 
29.842750 351.217866 
35.766300 372.851256 
41.745920 352.672850 
47.677520 332.612039 
53.647760 292.259831 
59.607950 181.007761 
65.550790 126.357179 
71.463500 105.199268 
77.436300 98.677199 
83.393460 50.166544 
88.792153 108.064579 
94.099080 106.633211 
99.539420 79.399899 
104.877800 69.857244 
110.288270 71.010256 
115.631550 129.844254 
121.065040 107.913522 
126.445200 81.665855 
131.777920 144.321966 
137.175310 276.382676 
142.575860 31.365007 
147.947360 31.899937 
153.324250 55.871960 
158.711830 0.000000 
