0.000000 185.945173 
6.020167 185.945173 
11.979480 136.680132 
18.007940 164.497901 
24.017150 220.282510 
30.020720 264.945053 
36.030770 308.276853 
42.046870 302.893531 
48.032400 320.655591 
54.062560 314.801404 
60.028230 218.033449 
66.109470 172.539195 
71.963870 171.514515 
78.009630 125.068732 
84.000840 101.301047 
89.226903 75.129025 
94.442390 125.107351 
99.659350 80.401279 
104.892340 46.326369 
109.996950 62.631572 
115.273000 71.735403 
120.350940 45.056833 
125.563380 48.280387 
130.780100 132.555267 
135.989230 55.303762 
141.282190 24.938955 
146.319710 46.394466 
151.595300 93.801773 
156.820130 0.000000 
