0.000000 152.711936 
6.176486 152.711936 
12.163720 142.853538 
18.318070 126.311369 
24.457310 137.134106 
30.555020 194.588417 
36.696680 234.454929 
42.738520 243.854742 
48.911810 228.831510 
55.002970 182.671656 
61.144390 157.413082 
67.276480 127.430799 
73.408270 141.375033 
79.483040 144.995152 
85.622500 77.713673 
90.900129 194.406253 
96.178520 162.117126 
101.452120 181.977822 
106.738400 193.997999 
111.981900 213.859509 
117.292610 252.817413 
122.487570 85.937375 
127.801870 132.635796 
133.072240 213.994331 
138.347120 28.548414 
143.613110 33.873619 
148.881320 46.297557 
154.155710 73.280251 
159.435480 0.000000 
