0.000000 192.633069 
6.038002 192.633069 
11.891940 169.195882 
17.936250 142.397969 
23.896710 132.028803 
29.888000 225.648605 
35.865390 276.623494 
41.832770 298.357765 
47.825910 257.819879 
53.794570 235.661265 
59.771870 170.698320 
65.771630 156.743898 
71.704560 138.996276 
77.696290 124.611549 
83.682110 72.408525 
88.741120 145.320017 
93.720980 180.134893 
98.774710 103.173819 
103.789200 87.866873 
108.882530 86.217386 
113.724590 62.455767 
118.809820 55.648136 
123.826420 74.591447 
128.839260 265.207914 
133.868840 26.278519 
138.944590 27.503818 
143.851370 33.177784 
148.860550 62.732634 
153.894690 0.000000 
