0.000000 68.392617 
5.884706 68.392617 
11.817670 168.254509 
17.847500 118.141347 
23.828960 76.310292 
29.821190 120.950200 
35.823250 116.385612 
41.806310 101.890394 
47.784120 110.464372 
53.797370 86.810717 
59.760090 89.758888 
65.823700 99.632462 
71.679120 170.290011 
77.710520 219.284399 
83.705750 172.702481 
89.328250 269.645277 
94.909010 234.912182 
100.503290 228.046949 
106.100430 297.917229 
111.666960 368.380117 
117.253370 352.522073 
122.682100 158.426256 
128.307640 198.501348 
133.892590 278.410124 
139.487080 27.921907 
145.077840 28.324683 
150.671630 38.725809 
156.217550 38.725809 
161.817240 0.000000 
