0.000000 240.942812 
6.078037 240.942812 
12.061120 313.356359 
18.146640 267.379198 
24.171760 210.967964 
30.267150 128.990221 
36.347430 180.577524 
42.458370 159.170307 
48.401240 141.640775 
54.497370 138.791803 
60.579100 130.139554 
66.669520 122.930360 
72.711670 152.846047 
78.806930 141.299659 
84.887740 98.181975 
89.671143 117.913933 
94.448281 113.132816 
99.226860 150.233759 
104.003360 184.506766 
108.742410 22.678107 
113.530330 41.410188 
118.303850 70.407308 
123.100930 94.105786 
127.836050 164.873763 
132.628480 221.526507 
137.404420 28.140675 
142.214720 14.468164 
146.944050 24.447947 
151.720350 0.000000 
