0.000000 207.313930 
5.841982 207.313930 
11.698380 257.616249 
17.464350 262.895116 
23.295130 202.246096 
29.160080 172.772238 
34.983280 258.332111 
40.828010 260.859804 
46.673040 268.264634 
52.510620 220.120687 
58.370060 186.316849 
64.301870 136.648786 
69.929990 177.675552 
75.871270 174.273556 
81.715420 100.078514 
86.501498 95.808019 
91.186789 110.302578 
96.000420 89.155887 
100.763240 96.896188 
105.502750 9.411961 
110.268730 6.226467 
115.031440 24.124970 
119.851550 49.988249 
124.558340 110.744857 
129.362240 105.357668 
134.150620 28.675313 
138.922600 11.038733 
143.684080 29.748992 
148.468090 0.000000 
