0.000000 269.334955 
6.059324 269.334955 
12.012490 321.221510 
18.035650 250.106321 
24.026450 145.284203 
30.060680 108.101798 
36.134710 155.226827 
42.109400 159.114180 
48.164980 111.951484 
54.171620 107.401998 
60.206400 120.430463 
66.206880 142.582980 
72.228040 174.946477 
78.215280 168.038966 
84.245540 120.407828 
89.441810 154.455117 
94.599560 168.938276 
99.786260 194.386151 
104.969800 212.575852 
110.104470 33.508699 
115.244280 63.169476 
120.406570 106.366068 
125.598280 177.988934 
130.774320 239.353330 
135.969940 64.613902 
141.114950 29.564402 
146.247700 28.529550 
151.435380 43.656245 
156.619420 0.000000 
