0.000000 238.197515 
6.438276 238.197515 
12.895420 276.124972 
19.249170 162.614583 
25.715920 55.062468 
32.137180 45.966209 
38.600520 49.069846 
44.965630 36.539843 
51.395110 22.537968 
57.885430 24.218020 
64.195480 27.817510 
70.599610 39.180523 
76.941010 89.171841 
83.389250 83.278722 
89.817700 80.149955 
94.755307 109.225744 
99.698421 161.157737 
104.614350 208.039381 
109.567020 231.341252 
114.487940 212.290072 
119.448830 179.741195 
124.338600 251.532472 
129.249950 163.371526 
134.206150 248.556386 
139.122510 81.848409 
144.070900 37.165880 
149.011450 19.851235 
153.930770 19.851235 
158.868550 0.000000 
