0.000000 236.678068 
6.140983 236.678068 
12.312360 202.571945 
18.361780 197.490326 
24.583340 155.824355 
30.737890 140.932014 
36.858650 138.394526 
43.081100 143.570468 
49.244130 128.107947 
55.388340 104.208605 
61.617960 93.140772 
67.589890 128.207164 
73.826780 216.214801 
79.968070 222.421054 
86.123320 140.836695 
91.348815 147.446318 
96.555260 130.277917 
101.806830 130.606526 
107.027760 212.409586 
112.232070 29.279437 
117.468250 42.506377 
122.689310 107.857838 
127.917890 151.457858 
133.143220 248.386719 
138.258440 53.485515 
143.459030 34.213877 
148.656450 12.290213 
153.778540 48.819373 
159.033510 0.000000 
