0.000000 206.186071 
6.334751 206.186071 
12.306310 216.494521 
18.572950 249.151398 
24.740870 85.415545 
30.946580 78.639302 
37.111030 104.175641 
43.347120 92.264671 
49.433170 93.091855 
55.647560 96.279121 
61.848330 86.156236 
68.009670 104.792081 
74.173860 150.312324 
80.376060 159.932912 
86.564650 118.764140 
91.542952 136.176724 
96.365404 169.357830 
101.310380 192.212032 
106.216790 30.510206 
111.133580 30.383521 
116.044060 62.769985 
120.968890 134.483231 
125.860080 165.835631 
130.787030 251.609310 
135.668730 49.234465 
140.555450 26.130901 
145.467550 20.498485 
150.363900 37.509255 
155.287210 0.000000 
