0.000000 149.856729 
5.854462 149.856729 
11.723990 159.343321 
17.544910 269.354905 
23.390310 398.721679 
29.251330 350.447775 
35.101730 309.433341 
40.984910 342.963507 
46.794420 259.289886 
52.674230 188.191851 
58.540890 113.081107 
64.347350 81.506008 
70.169090 129.246345 
75.952740 102.301881 
81.815570 23.704009 
86.488049 34.348963 
91.126504 34.357749 
95.807660 39.972196 
100.434220 69.249368 
105.096000 13.202719 
109.798050 10.507175 
114.371500 25.795805 
119.054760 62.505110 
123.702340 112.441083 
128.352860 207.577600 
133.015150 41.407690 
137.661130 14.150732 
142.319280 36.227536 
146.987230 0.000000 
