0.000000 171.673038 
5.988789 171.673038 
11.918580 187.702750 
17.878320 183.271446 
23.836640 175.351999 
29.776620 224.708885 
35.739930 258.364568 
41.680230 377.577621 
47.649080 264.717391 
53.586930 227.624645 
59.534490 161.842109 
65.423000 118.798382 
71.402010 145.914457 
77.351870 116.324027 
83.301220 49.086384 
88.208948 75.809942 
92.974221 91.595036 
97.902250 89.307417 
102.737140 11.084323 
107.623410 8.809878 
112.516180 16.586419 
117.377420 62.802029 
122.284830 119.130375 
127.195660 216.965779 
132.085710 32.348528 
136.966550 25.841519 
141.862920 27.722448 
146.747300 25.144460 
151.636170 0.000000 
