0.000000 140.537599 
6.389712 140.537599 
12.656460 135.680216 
19.041230 191.116254 
25.394520 366.337334 
31.748300 196.733185 
38.113730 269.678985 
44.515590 245.477492 
50.813320 130.808318 
57.217220 110.027099 
63.589340 104.870290 
69.954140 114.181104 
76.300460 141.855299 
82.675360 118.404646 
89.041350 79.084716 
94.124289 102.976929 
98.924660 95.465835 
104.029140 110.555553 
109.063500 152.432640 
114.106540 118.238235 
119.123150 96.578060 
124.167970 126.540951 
129.225840 222.670999 
134.211230 321.368414 
139.245020 47.116347 
144.289900 32.130849 
149.341310 22.845168 
154.331830 70.590243 
159.409310 0.000000 
