0.000000 234.647978 
5.946032 234.647978 
11.918370 224.457866 
17.800910 232.416001 
23.767260 214.347623 
29.754300 178.228562 
35.770700 216.030791 
41.697830 310.042404 
47.752560 244.759361 
53.733510 196.597530 
59.737630 168.338638 
65.764330 127.941458 
71.691810 193.905485 
77.725340 154.371139 
83.717790 103.829415 
88.677703 164.572847 
93.615505 139.936183 
98.571120 116.854394 
103.456930 9.002820 
108.357160 24.430679 
113.276470 47.204722 
118.212630 97.560434 
123.170350 174.682441 
128.155550 246.266034 
132.967800 81.494549 
138.006240 23.792685 
142.958370 21.348681 
147.900160 31.825954 
152.856300 0.000000 
