0.000000 133.239629 
6.592420 133.239629 
13.006280 148.410491 
19.573030 193.916389 
26.147580 174.490529 
32.700250 76.394676 
39.218470 86.214224 
45.777990 105.852032 
52.315110 71.775089 
58.833840 38.534100 
65.478020 38.656919 
71.785890 64.391024 
78.253170 125.679690 
84.830220 131.934445 
91.372470 137.834218 
96.278555 146.701676 
101.178613 165.778897 
106.085780 184.109033 
110.988860 179.263659 
115.881780 242.378223 
120.791740 267.053934 
125.688830 279.390925 
130.580670 321.691901 
135.486940 371.863962 
140.386420 77.074024 
145.300960 50.989081 
150.187320 32.515768 
155.072370 41.506121 
159.984240 0.000000 
