0.000000 239.406039 
7.445298 239.406039 
14.907170 298.902966 
22.333820 228.116019 
29.743130 177.477118 
37.237440 177.477118 
44.624250 177.477118 
52.052290 80.655273 
59.514010 69.577143 
66.952290 73.763378 
74.357820 98.550133 
81.935310 175.931690 
89.144460 224.342180 
96.707860 212.290032 
104.039800 235.102826 
109.273791 350.639540 
114.476640 384.195481 
119.709110 310.587389 
124.977220 235.944719 
130.095840 185.361184 
135.357800 213.677260 
140.555820 280.096102 
145.785240 416.342925 
151.012490 144.574050 
156.252520 60.069374 
161.421530 51.445909 
166.658710 61.892208 
171.886590 77.694104 
177.116580 0.000000 
