0.000000 329.501263 
7.150753 329.501263 
14.115300 183.642606 
21.235010 338.447041 
28.294860 337.274394 
35.425200 359.395501 
42.464170 279.158969 
49.612540 170.581867 
56.617880 156.304040 
63.772780 122.596930 
70.811720 123.688439 
77.898820 116.567688 
84.936450 96.600672 
92.028770 115.926765 
99.124070 31.015478 
104.958024 127.575373 
110.809420 199.187871 
116.608460 165.499129 
122.467580 134.513804 
128.305470 169.084052 
134.134030 144.860993 
139.968860 166.971435 
145.745100 327.229259 
151.587220 158.138571 
157.421500 121.291948 
163.246160 51.068932 
169.089520 33.247290 
174.861910 25.195965 
180.707180 0.000000 
