0.000000 409.742560 
7.600797 409.742560 
15.214150 222.664719 
22.760940 144.766367 
30.416910 100.008076 
38.008320 126.979681 
45.598100 90.144145 
53.229630 62.618721 
60.767380 50.131301 
68.327390 43.751393 
75.964100 77.109413 
83.516860 138.495057 
91.154640 168.499631 
98.690220 173.880235 
106.305800 221.516312 
111.489819 270.800016 
116.739220 422.487526 
121.862680 420.439491 
127.176050 347.140235 
132.300940 235.901544 
137.569170 190.513351 
142.766930 242.539327 
148.010830 338.124368 
153.266630 117.583360 
158.450720 56.698183 
163.673040 54.562598 
168.917370 48.001815 
174.135210 39.495558 
179.361190 0.000000 
