0.000000 304.156365 
7.391205 304.156365 
14.828450 314.487715 
22.103770 60.765482 
29.610820 33.767958 
36.996360 45.743528 
44.435490 44.340977 
51.839330 37.633256 
59.344360 48.443332 
66.540060 57.443383 
74.051760 78.836150 
81.438310 146.041139 
88.802250 280.014018 
96.194650 321.057671 
103.472600 401.100543 
109.231392 643.268118 
114.921550 685.971304 
120.661240 574.830978 
126.497770 534.574617 
131.952550 430.765914 
137.799940 430.765914 
143.460420 467.886862 
149.252980 516.039266 
154.990900 233.365129 
160.724440 147.398161 
166.495350 85.842867 
172.186120 73.158417 
177.957170 73.158417 
183.698320 0.000000 
