0.000000 182.040572 
7.678384 182.040572 
15.484580 248.377308 
22.670240 176.640384 
30.541620 72.628273 
38.134310 146.681894 
45.877530 138.012312 
53.614770 108.530720 
61.272230 70.070641 
69.009760 67.806449 
76.709530 82.599051 
84.427110 131.052535 
92.055430 148.267107 
99.744890 171.937120 
107.468200 176.935476 
112.801390 261.964067 
118.027640 292.170959 
123.410400 260.673680 
128.698360 191.662663 
134.010060 156.515532 
139.331540 190.987887 
144.678240 230.679346 
149.913240 409.965878 
155.334540 231.940078 
160.561330 167.579941 
165.915250 60.513116 
171.222120 78.879525 
176.532690 42.121481 
181.852060 0.000000 
