0.000000 265.127758 
7.483785 265.127758 
15.113050 178.633583 
22.462950 96.682016 
30.042500 96.682016 
37.559630 246.289824 
45.021330 188.676494 
52.568290 84.884929 
60.068950 90.404652 
67.598090 63.212190 
75.051670 77.849973 
82.597070 90.578410 
90.119760 168.994277 
97.567640 157.070214 
105.077600 154.918435 
110.652739 328.146735 
116.227070 391.576570 
121.789340 306.297606 
127.385860 285.355891 
132.885310 249.134539 
138.544030 270.622450 
143.847610 283.680162 
149.476060 422.199313 
155.060720 151.627830 
160.612600 124.900007 
166.183830 78.387947 
171.777060 40.234452 
177.320720 38.460361 
182.893350 0.000000 
