0.000000 116.085399 
7.662786 116.085399 
15.367140 148.864903 
22.952450 317.193867 
30.648870 520.243291 
38.340560 326.202876 
45.929830 330.292284 
53.681510 250.743807 
61.235930 162.444805 
68.922960 88.675250 
76.649000 43.670938 
84.232660 55.811868 
91.909600 73.984262 
99.591190 99.209477 
107.257600 153.459543 
112.774103 130.827764 
118.298060 172.855102 
123.818370 164.475113 
129.300750 160.476814 
134.910760 221.777016 
140.411830 194.940792 
145.814390 254.382734 
151.367400 382.306616 
156.879020 500.918869 
162.393430 82.765386 
167.906210 96.037115 
173.418420 61.491411 
178.935280 57.461471 
184.445530 0.000000 
