0.000000 217.635167 
7.407128 217.635167 
14.828760 250.106719 
22.141340 360.869540 
29.559610 342.172135 
36.879110 339.829699 
44.304220 421.435425 
51.701820 188.190787 
59.154100 190.005350 
66.385040 143.093214 
73.978470 107.607483 
81.311160 75.189255 
88.723800 93.142819 
96.128360 100.937911 
103.555900 100.937911 
109.115853 111.941092 
114.547500 153.516036 
120.137380 142.113334 
125.634320 113.075196 
131.171890 157.063193 
136.718700 170.984179 
142.086300 231.999705 
147.638230 431.478858 
153.154560 194.079711 
158.673050 73.607328 
164.184640 75.678740 
169.701200 83.184921 
175.219340 65.129307 
180.726450 0.000000 
