0.000000 74.136742 
7.490866 74.136742 
14.978790 236.390612 
22.414100 308.195178 
29.929320 444.544607 
37.417720 509.400858 
44.792300 500.574405 
52.334210 256.506235 
59.726970 159.012271 
67.253490 99.280905 
74.769400 50.358449 
82.220620 54.016277 
89.720610 116.212323 
97.212580 143.605191 
104.702500 143.605191 
110.503802 134.503294 
116.399640 159.557264 
121.982730 164.412425 
127.867550 162.503277 
133.557560 213.202569 
139.234720 230.810266 
145.053580 273.683247 
150.788160 331.433594 
156.591020 325.278110 
162.382640 65.870426 
168.169190 59.986203 
173.961240 45.751061 
179.750850 33.345882 
185.514050 0.000000 
