0.000000 353.184137 
7.270521 353.184137 
14.540580 221.376230 
21.834610 356.000565 
29.040180 315.530606 
36.339420 278.231449 
43.606170 351.278889 
50.859740 203.219404 
58.146930 190.615468 
65.387590 147.329889 
72.677090 116.604143 
79.924220 84.499956 
87.207730 117.056603 
94.456120 86.585287 
101.733300 128.259115 
107.207244 125.056329 
112.623120 207.052327 
118.139330 160.919467 
123.576810 116.856887 
129.010420 127.220016 
134.500940 151.448848 
139.944890 162.570954 
145.387740 252.795384 
150.856580 271.330432 
156.312950 98.846672 
161.768470 79.382249 
167.220530 73.531774 
172.676650 59.409906 
178.132030 0.000000 
