0.000000 87.484992 
7.832404 87.484992 
15.692150 117.621617 
23.533500 119.179593 
31.232430 37.913938 
39.175950 72.116485 
46.817730 75.990077 
54.830260 53.369233 
62.519350 60.087006 
70.446730 45.190326 
78.084680 58.976905 
85.979640 123.017567 
93.752730 169.488947 
101.585700 181.846433 
109.418800 278.242655 
114.834565 442.331098 
120.259400 450.757726 
125.675950 517.028807 
131.067630 445.932431 
136.497510 371.398315 
141.942980 374.487883 
147.250840 428.398241 
152.719000 528.770129 
158.109080 181.869493 
163.533090 126.494643 
168.945620 99.482643 
174.362640 94.074626 
179.758540 53.213553 
185.174380 0.000000 
