0.000000 350.658007 
6.788291 350.658007 
13.511530 371.578978 
20.269680 295.450540 
27.036930 212.624582 
33.860790 223.665484 
40.624760 293.459265 
47.398530 260.922323 
54.174970 212.917557 
60.946520 188.082130 
67.691640 147.738486 
74.482940 122.128120 
81.263000 166.575345 
88.035980 166.655922 
94.810080 168.276537 
100.359694 180.366988 
105.908880 242.942486 
111.456520 168.129960 
117.004210 126.703733 
122.542810 106.521817 
128.073370 43.540800 
133.646930 43.841046 
139.201810 62.901179 
144.710390 84.818306 
150.256720 130.097631 
155.747990 39.205376 
161.321490 39.205376 
166.779500 39.205376 
172.386400 0.000000 
