0.000000 340.990570 
6.987765 340.990570 
13.820630 236.086674 
20.822880 334.356092 
27.787840 350.981176 
34.729290 414.369439 
41.696660 379.938913 
48.643450 362.214805 
55.599820 315.492479 
62.522230 223.468667 
69.519440 169.857575 
76.417930 111.189524 
83.328880 126.430134 
90.282120 85.387264 
97.238260 23.094795 
103.241166 132.403630 
109.248680 76.727389 
115.223940 62.520642 
121.263940 31.959743 
127.227540 33.485035 
133.244350 29.146791 
139.262810 30.138570 
145.259930 55.340937 
151.263940 61.618416 
157.247850 117.233997 
163.248540 14.080992 
169.291530 14.080992 
175.100300 14.080992 
181.156990 0.000000 
