0.000000 305.098996 
7.162274 305.098996 
14.046790 246.144717 
21.198090 231.128971 
28.287620 117.949988 
35.410180 119.648663 
42.517160 109.449071 
49.532550 94.939341 
56.771250 73.458538 
63.795600 69.488083 
70.845980 49.802298 
77.921240 86.872214 
85.076590 182.574236 
92.170430 257.993383 
99.267410 326.256565 
105.262155 447.403773 
111.268230 454.346466 
117.221250 350.479381 
123.123910 340.499711 
129.149010 300.986571 
135.106720 105.189918 
141.089610 102.943596 
147.066440 116.093306 
153.066230 139.020004 
159.072300 157.888121 
165.066500 61.127494 
171.061420 25.320246 
177.057950 34.317105 
183.054580 0.000000 
