0.000000 277.705551 
7.138864 277.705551 
14.140500 311.793808 
21.213610 261.733416 
28.349330 66.017874 
35.355310 36.935474 
42.461300 27.505640 
49.500540 24.624239 
56.522120 19.009842 
63.608050 39.393488 
70.668300 51.434759 
77.741850 108.891837 
84.787440 252.817639 
91.850820 310.174427 
98.908690 275.851318 
104.617743 468.244084 
110.297270 539.272263 
115.993070 443.561440 
121.678610 351.304088 
127.381060 263.014715 
133.031700 86.818865 
138.738280 46.189200 
144.407360 65.290117 
150.117430 115.587335 
155.784440 144.670095 
161.475190 61.883970 
167.171650 30.829663 
172.861920 11.347512 
178.556620 0.000000 
