0.000000 128.594394 
6.823321 128.594394 
13.629850 88.181944 
20.451430 244.420484 
27.258940 228.034157 
34.113440 160.540226 
40.911430 220.428455 
47.699500 212.039134 
54.543090 208.692932 
61.360640 195.972573 
68.180720 179.635961 
75.001700 184.557774 
81.825570 262.245184 
88.634520 255.824560 
95.379060 195.871376 
100.832411 382.560534 
106.286290 286.147354 
111.739510 208.594089 
117.193230 174.236990 
122.652020 103.842727 
128.094810 64.216058 
133.546070 28.997498 
139.002600 27.314936 
144.451100 21.362780 
149.888920 52.353280 
155.369550 63.824442 
160.762520 63.824442 
166.223640 63.824442 
171.681630 0.000000 
