0.000000 289.556608 
6.867407 289.556608 
13.758750 269.987831 
20.546370 191.470482 
27.449870 124.139420 
34.299500 130.376133 
41.166420 131.314860 
48.054070 123.579383 
54.946090 122.475651 
61.773030 104.049757 
68.670500 71.616084 
75.545090 73.489337 
82.414870 113.431685 
89.274580 153.354309 
96.140280 207.819342 
101.756579 294.135264 
107.382930 214.907041 
112.978990 147.029205 
118.594920 89.456996 
124.260040 91.587049 
129.718010 75.126609 
135.423740 76.374282 
141.049650 131.401437 
146.685020 204.974597 
152.322610 194.281978 
157.982830 91.236445 
163.565380 73.206773 
169.200250 28.867010 
174.843450 0.000000 
