0.000000 96.220073 
7.191118 96.220073 
14.588450 115.908965 
21.894920 333.853134 
29.292500 530.120761 
36.637940 280.906776 
43.921630 142.626355 
51.365750 142.181575 
58.690310 115.865499 
66.069380 106.922054 
73.422770 52.067022 
80.799110 19.930606 
88.141880 23.138606 
95.460090 45.340000 
102.821600 24.736507 
108.493336 172.531319 
114.173250 128.346031 
119.822760 104.120327 
125.499920 106.657876 
131.172370 75.662808 
136.863010 88.255547 
142.520080 60.579213 
148.211140 76.319974 
153.890050 84.784756 
159.553210 97.593143 
165.237870 48.831607 
170.923550 48.831607 
176.565770 48.831607 
182.251980 0.000000 
