0.000000 294.778961 
7.059335 294.778961 
14.001060 269.148142 
21.038050 242.551748 
27.996640 491.816748 
35.068330 862.987552 
41.994100 818.859883 
49.013420 314.659604 
56.027980 333.398457 
63.059180 241.790554 
70.094030 138.298183 
77.113140 117.450129 
84.158020 163.795908 
91.176170 111.898093 
98.209040 41.969723 
104.419504 52.182275 
110.524870 58.473848 
116.665890 43.160716 
122.818380 33.699127 
128.893620 49.866623 
135.097880 51.288244 
141.245450 84.057295 
147.404470 86.463718 
153.542700 59.150137 
159.696980 118.309807 
165.816260 133.152726 
172.037830 32.942898 
177.940950 38.716527 
184.135660 0.000000 
