0.000000 66.007540 
7.326778 66.007540 
14.659990 79.112139 
21.954980 627.947284 
29.275270 565.148052 
36.615440 690.781147 
43.925970 83.096692 
51.257350 88.622153 
58.549130 116.179386 
65.870160 104.794793 
73.195740 47.072776 
80.451900 43.496743 
87.785170 50.777975 
95.091900 77.482361 
102.429200 44.113107 
107.957404 195.067562 
113.490600 144.900343 
119.012030 73.440970 
124.526960 57.882372 
130.011670 58.162844 
135.441170 46.352590 
140.940660 52.065420 
146.477780 100.120481 
151.935780 77.086436 
157.496090 105.131191 
163.017580 18.086123 
168.431810 18.086123 
174.000750 18.086123 
179.510800 0.000000 
