0.000000 334.286597 
6.795957 334.286597 
13.546260 314.205878 
20.252240 261.889327 
27.049080 385.238252 
33.813380 368.836019 
40.577490 348.522489 
47.326300 378.921554 
54.095740 363.068282 
60.844250 294.664413 
67.589040 221.650584 
74.328160 180.574544 
81.094380 213.434289 
87.857780 159.718999 
94.621060 79.910837 
100.920066 149.579048 
107.195480 93.457080 
113.560510 72.878095 
119.768080 70.301376 
125.915120 72.697342 
132.254620 64.902815 
138.562180 31.017752 
144.851390 40.460338 
151.120480 53.573797 
157.410430 128.960449 
163.677250 49.180536 
169.986720 39.219777 
176.261770 39.219777 
182.544440 0.000000 
