0.000000 49.354329 
7.183731 49.354329 
14.324390 74.930794 
21.500700 636.245988 
28.674090 206.936714 
35.832160 97.348779 
43.002090 78.967897 
50.181850 110.602782 
57.323840 121.410507 
64.479350 133.156914 
71.571330 138.273371 
78.808920 203.768747 
85.927950 283.327380 
93.109690 448.566206 
100.279600 371.496861 
106.390638 554.334971 
112.465650 474.893056 
118.569950 406.316080 
124.667880 358.027003 
130.765250 284.841904 
136.836400 144.474167 
142.903560 45.415716 
149.005130 109.694338 
155.097150 164.832805 
161.194790 82.138432 
167.293590 28.450164 
173.386610 37.414425 
179.481760 37.414425 
185.579240 0.000000 
