0.000000 594.200943 
7.875329 594.200943 
15.667650 715.975923 
23.496510 453.301640 
31.384700 342.711158 
39.228480 160.207220 
47.090680 154.927207 
54.807700 141.537283 
62.705290 135.295491 
70.552780 100.152130 
78.384930 147.058093 
86.215330 261.534073 
94.063960 438.134356 
101.864900 399.144678 
109.721100 456.695111 
115.012360 419.434850 
120.302800 449.333871 
125.604900 244.847767 
130.829730 199.499373 
136.201850 231.552385 
141.345740 249.558193 
146.687770 261.095141 
151.979250 292.010792 
157.241480 352.948914 
162.553830 139.967417 
167.786690 139.967417 
173.110160 139.967417 
178.393560 139.967417 
183.686870 0.000000 
