0.000000 608.820161 
8.060680 608.820161 
16.138910 662.887307 
24.164600 707.749915 
32.164810 818.830975 
40.260610 1019.412161 
48.233280 727.137149 
56.395010 656.688594 
64.238730 566.759046 
72.295210 409.239675 
80.402350 292.018703 
88.288300 281.358877 
96.429640 228.627248 
104.473300 116.599152 
112.528600 107.829011 
118.608664 94.402407 
124.678950 94.301908 
130.764220 96.841686 
136.843080 102.030512 
142.913240 62.699663 
148.994160 98.020137 
155.074320 111.706314 
161.145090 176.902881 
167.231300 242.654485 
173.312450 179.126463 
179.392080 56.227921 
185.419080 54.594558 
191.539320 112.178140 
197.399670 0.000000 
