0.000000 444.711069 
7.883039 444.711069 
15.789650 704.110214 
23.612350 574.054112 
31.477560 257.497104 
39.382640 94.715391 
47.280930 107.961133 
55.079290 100.168644 
63.006600 85.726509 
70.907880 44.870299 
78.802030 134.202918 
86.650830 261.355514 
94.583020 441.455086 
102.375600 470.071696 
110.263500 592.203774 
116.030218 610.255283 
121.802770 569.295811 
127.570090 399.574013 
133.338430 290.212721 
139.104820 307.441392 
144.874650 285.970039 
150.656470 325.474719 
156.378940 392.039427 
162.143530 154.464153 
167.907150 84.034685 
173.665890 93.230624 
179.449200 45.544347 
185.171420 47.437403 
190.927830 0.000000 
