0.000000 489.649579 
7.763103 489.649579 
15.557450 428.772724 
23.339930 169.343635 
31.138940 58.804556 
38.976810 44.880703 
46.758460 52.450610 
54.519460 35.770770 
62.229780 40.307298 
70.085100 28.469159 
77.928880 104.235793 
85.737150 227.451687 
93.531770 473.917336 
101.235900 437.455551 
109.057300 521.975033 
115.125567 669.995883 
121.134100 664.071249 
127.219660 682.753280 
133.284840 364.299681 
139.348860 402.071609 
145.432080 322.118321 
151.452740 394.717103 
157.540900 432.922739 
163.620670 259.419642 
169.615840 133.423955 
175.697650 90.796794 
181.726140 98.591300 
187.815850 148.878885 
193.883630 0.000000 
