0.000000 238.714551 
8.418953 238.714551 
16.824220 213.535503 
25.252750 342.313266 
33.626810 263.343803 
42.114810 199.635379 
50.506330 152.227022 
58.895100 168.367776 
67.321940 181.618727 
75.726470 161.566361 
84.157500 224.755382 
92.546370 378.987481 
100.971200 505.902318 
109.384500 458.588593 
117.797100 486.012661 
124.065747 399.681241 
130.311010 371.064451 
136.577700 339.867322 
142.847010 137.696076 
149.107600 156.091467 
155.375220 191.146861 
161.631680 259.109165 
167.912650 324.958097 
174.130280 115.424298 
180.407100 89.104049 
186.674250 52.680574 
192.906290 95.667744 
199.161110 133.242196 
205.411340 0.000000 
