0.000000 249.075721 
7.689710 249.075721 
15.327490 233.874326 
22.955050 173.848654 
30.631160 120.602313 
38.302170 93.387308 
45.987910 104.860675 
53.652690 119.500126 
61.245650 116.513874 
68.976770 105.113697 
76.621550 149.964064 
84.315550 220.435152 
91.912180 400.907393 
99.582650 399.445216 
107.253300 449.783625 
113.247155 437.650893 
119.230090 547.681873 
125.231230 457.964886 
131.240860 446.933914 
137.222630 221.646243 
143.124470 263.842889 
149.128740 295.634755 
155.120550 288.118350 
161.108870 422.739429 
167.078760 94.131944 
173.062740 94.131944 
179.019720 61.496487 
185.014790 97.756286 
190.967600 0.000000 
