0.000000 138.093916 
8.641686 138.093916 
17.251440 255.392389 
25.777390 437.182424 
34.403600 962.423129 
43.026370 576.282516 
51.663420 405.775158 
60.309040 393.923204 
68.841180 252.656337 
77.498830 108.732104 
86.164750 44.064418 
94.583140 68.683897 
103.287000 83.340951 
111.877700 45.442852 
120.498700 59.987493 
127.386318 69.867953 
133.994640 58.222677 
140.815760 115.343223 
147.596150 152.537482 
154.347420 145.658341 
161.147870 145.561581 
167.894930 204.905694 
174.676100 286.532115 
181.453170 286.670624 
188.230840 81.296682 
194.977970 73.319470 
201.718200 91.800272 
208.469530 97.316305 
215.242020 0.000000 
