0.000000 369.798262 
8.223655 369.798262 
16.308180 285.987163 
24.542120 767.702753 
32.462860 1012.591751 
40.724900 629.506334 
48.911580 697.197021 
57.128030 659.120621 
65.232190 473.765067 
73.427050 422.801855 
81.716450 299.085078 
89.704580 251.638320 
97.955400 226.597748 
106.115500 95.064717 
114.316800 69.872547 
121.356487 57.527682 
128.298750 56.768205 
135.356840 76.854307 
142.380310 78.494906 
149.386480 136.382661 
156.391350 71.888884 
163.410210 117.997586 
170.429540 183.812043 
177.430590 260.240698 
184.437120 65.186997 
191.435940 74.096671 
198.427460 97.973797 
205.399780 58.085758 
212.414640 0.000000 
