0.000000 144.174626 
8.898116 144.174626 
17.606190 245.360681 
26.426790 293.847040 
35.298950 832.365423 
44.140970 432.992934 
52.990590 305.260165 
61.808900 232.979381 
70.564670 229.418514 
79.462730 117.349763 
88.252520 83.381841 
96.971070 59.216193 
105.854000 164.866481 
114.672500 67.747537 
123.514300 91.734919 
130.223775 74.907205 
136.908280 141.937410 
143.630260 225.244302 
150.318200 333.680875 
157.018430 246.696218 
163.779710 251.164132 
170.404740 316.655506 
177.105700 393.963661 
183.783960 342.900327 
190.491300 147.336643 
197.189320 120.807421 
203.914190 113.657937 
210.603770 174.719197 
217.286750 0.000000 
