0.000000 354.918253 
7.566775 354.918253 
15.158630 331.949825 
22.702430 435.908561 
30.326810 578.979469 
37.925930 513.686762 
45.517960 552.491757 
53.124580 576.549373 
60.703060 531.548423 
68.308500 438.566584 
75.879930 307.892284 
83.506720 296.374873 
91.084870 296.888331 
98.674940 141.641721 
106.279200 141.418269 
113.139103 105.932553 
119.885840 90.528915 
126.753690 89.191169 
133.578920 99.458755 
140.383220 78.135437 
147.204650 119.920118 
154.057930 179.404651 
160.694020 245.696650 
167.602460 259.021825 
174.411830 68.486006 
181.223190 72.016046 
188.042200 72.016046 
194.862020 130.097723 
201.658750 0.000000 
