0.000000 87.907214 
8.196614 87.907214 
16.367700 122.176204 
24.558310 308.722478 
32.771430 169.266443 
40.997230 109.758260 
49.187750 80.235938 
57.280900 84.140863 
65.548490 70.249253 
73.711080 63.343226 
81.893650 66.989945 
90.091520 174.428413 
98.284320 436.541742 
106.465700 485.704838 
114.666900 577.698395 
121.469233 547.294724 
128.209220 853.130650 
134.992880 595.073916 
141.710050 651.560056 
148.562240 287.908075 
155.238750 310.177759 
162.063990 347.670885 
168.852940 394.637350 
175.593830 398.951458 
182.390770 157.925098 
189.194920 102.811849 
195.963940 131.179426 
202.767790 186.427906 
209.560270 0.000000 
