0.000000 327.339077 
5.404934 269.727899 
10.832030 202.570196 
16.169310 163.628965 
21.615770 144.497614 
27.018410 134.421056 
32.408150 155.130396 
37.859610 145.373727 
43.271690 153.697526 
48.656900 164.348349 
54.067790 149.383113 
59.512700 110.677649 
64.859730 132.120715 
70.256140 156.849971 
75.661490 180.797597 
79.669392 218.440798 
83.606953 137.237353 
87.593290 122.520444 
91.591730 59.489833 
95.556920 37.735961 
99.534800 43.700369 
103.512740 51.294762 
107.537930 76.620191 
111.467520 145.505438 
115.412020 13.913555 
119.503390 10.306681 
123.510140 26.095644 
127.342010 43.356605 
131.413590 0.000000 
