0.000000 105.094114 
6.187034 130.400859 
12.317600 177.086056 
18.506720 220.898855 
24.709440 217.534018 
30.703370 223.651323 
38.212860 250.083640 
45.972990 258.253009 
47.166310 232.430295 
51.824340 199.676926 
57.160660 167.797290 
66.032720 112.718102 
72.299750 63.693912 
78.411460 102.860957 
84.599030 67.907469 
88.580328 91.201083 
92.549602 122.814669 
96.567600 96.203911 
100.612650 76.814449 
104.445800 27.011675 
108.486590 23.712132 
112.544070 22.432317 
116.437560 42.324252 
120.397250 80.761360 
124.443840 119.244293 
128.416750 13.333087 
132.408590 8.235742 
136.369940 26.454498 
140.364710 0.000000 
