0.000000 204.682916 
5.855964 212.946255 
11.710360 174.800352 
17.566680 101.696038 
23.422210 128.647923 
29.282740 68.686214 
35.171600 64.566964 
41.031700 79.868567 
46.842630 75.392551 
52.739820 92.037797 
58.562480 91.641261 
64.404630 135.803763 
70.262620 195.719735 
76.108280 222.499739 
81.967710 330.651540 
85.788039 362.869063 
89.395520 323.989811 
93.001130 120.724852 
96.838700 92.626509 
100.696660 69.505757 
104.238470 80.878874 
107.913140 105.308338 
111.658900 131.897908 
115.315270 16.303207 
118.991700 16.919422 
122.798890 15.284741 
126.487950 16.161271 
130.040670 34.538667 
133.861990 0.000000 
