0.000000 188.941883 
5.513341 285.740060 
10.921860 257.503199 
16.425570 60.353885 
21.901190 41.601622 
27.304400 19.485484 
32.899470 14.165860 
38.251220 12.387973 
43.767570 14.585457 
49.247080 21.578172 
54.715600 37.025555 
60.162700 39.497717 
65.651360 55.652247 
71.086180 124.799307 
76.568600 197.659197 
79.987058 385.546088 
83.402915 383.303752 
86.819400 334.840211 
90.251210 182.954447 
93.671780 144.234193 
97.064100 141.557923 
100.515210 115.072252 
103.934540 123.138572 
107.349430 153.402851 
110.807930 181.189784 
114.245680 22.767816 
117.593640 20.145269 
120.996210 20.294558 
124.496490 0.000000 
