0.000000 192.908194 
5.777094 260.780112 
11.515340 159.409389 
17.279910 169.949377 
23.060810 133.484424 
28.847230 188.307144 
34.622150 177.747883 
40.373480 186.268106 
46.184530 187.366325 
51.950280 168.984776 
57.707860 152.346901 
63.530660 127.510471 
69.230410 197.333851 
75.022820 235.747991 
80.791320 271.635185 
84.932656 202.864353 
89.041408 200.395805 
93.170610 105.862853 
97.317850 46.702212 
101.460440 57.366484 
105.522310 64.639784 
109.607440 115.696563 
113.796520 165.641464 
117.902930 27.810517 
122.026890 21.860720 
126.159610 24.012446 
130.313660 20.068201 
134.418980 50.601890 
138.555180 0.000000 
