0.000000 193.773703 
5.513326 226.884627 
10.884260 126.016762 
16.412080 57.262246 
21.925900 97.014319 
27.357860 95.799836 
32.886870 92.028939 
38.442100 97.823393 
43.792780 89.986067 
49.362070 91.170199 
54.847490 79.477689 
60.348870 79.130387 
65.814340 131.296469 
71.313710 186.457031 
76.806720 218.507574 
80.973377 248.337941 
85.103866 214.511498 
89.274350 108.316372 
93.388690 66.222327 
97.556470 56.777565 
101.740320 81.528516 
105.841530 107.180345 
109.994480 187.078014 
114.143400 18.970169 
118.280610 12.451388 
122.435990 24.601643 
126.580870 85.212512 
130.730770 149.926137 
134.875550 0.000000 
