0.000000 153.454058 
5.584549 160.089932 
11.305230 149.887749 
16.994890 343.064496 
22.677070 324.160599 
28.366220 278.893677 
34.073920 346.692105 
39.730360 334.069224 
45.416560 241.390620 
51.099970 183.852231 
56.806440 98.813755 
62.468250 40.887196 
68.149930 45.963177 
73.840540 83.140317 
79.525200 73.002967 
83.197393 143.045228 
86.794812 103.415826 
90.476530 80.053677 
94.163830 77.180204 
97.757650 68.118164 
101.398710 46.812530 
105.119880 27.311960 
108.803180 45.377744 
112.394650 97.763688 
116.015070 145.252527 
119.744690 250.250189 
123.456680 32.741339 
126.793930 23.312776 
130.666620 0.000000 
