0.000000 187.372478 
5.495854 159.558105 
10.649740 161.066028 
16.150350 260.529950 
21.523150 285.289912 
26.921610 329.738078 
32.339580 262.897894 
37.708290 256.236982 
43.119620 257.348849 
48.479710 153.143589 
53.953790 87.574673 
59.543370 54.709614 
64.522510 63.154000 
70.085320 72.605156 
75.479290 54.046250 
79.703113 103.882246 
83.725890 55.342734 
87.914090 50.587529 
92.113540 42.263670 
96.227520 21.865773 
100.361130 14.176355 
104.541770 25.314356 
108.706100 60.594886 
112.831470 120.166171 
116.933020 29.892319 
121.184440 14.785550 
125.366220 22.625741 
129.228860 41.403271 
133.608570 0.000000 
