0.000000 135.002365 
5.842002 111.745241 
11.338800 170.186142 
17.176860 211.836679 
22.907130 218.454516 
28.651670 196.713507 
34.407790 238.228638 
40.162350 202.310951 
45.900520 175.094627 
51.646130 124.387763 
57.276950 81.097583 
63.158510 56.215824 
68.741700 56.652242 
74.495400 121.626263 
80.256360 132.722739 
84.447802 160.282741 
88.633927 166.826497 
92.838810 153.690367 
97.122520 119.820556 
101.166580 63.643269 
105.403700 65.419594 
109.616000 77.009843 
113.833980 133.898049 
118.023730 191.633196 
122.168440 37.959267 
126.411230 29.762689 
130.660380 23.275676 
134.678480 35.349523 
139.003830 0.000000 
