0.000000 217.265074 
5.335824 209.012774 
10.574070 182.652439 
15.917380 253.297159 
21.217880 174.973552 
26.548560 236.986648 
31.868830 211.840040 
37.214040 227.339092 
42.494610 187.264000 
47.837480 152.319269 
53.150040 120.799141 
58.539250 90.932404 
63.739730 95.663311 
69.094390 139.155199 
74.408230 115.603478 
78.605243 173.497782 
82.729245 146.428505 
86.911700 100.596735 
91.103140 72.132222 
95.269770 30.776443 
99.360620 39.247204 
103.578990 70.976528 
107.741960 95.332581 
111.928550 175.688579 
116.091370 19.505582 
120.267220 30.076683 
124.552740 36.970401 
128.315660 46.451498 
132.782170 0.000000 
