0.000000 238.614531 
5.641615 127.497893 
11.185320 185.363863 
16.853370 204.055904 
22.480300 204.473263 
28.109500 171.734407 
33.725550 125.690073 
39.402090 104.624566 
44.974170 68.622814 
50.607700 82.893883 
56.247190 63.648475 
61.918540 67.669946 
67.476930 131.452832 
73.125450 146.702070 
78.757100 281.975563 
82.826107 389.756622 
86.781079 302.722258 
90.881560 252.239227 
94.915840 83.134262 
98.941980 69.045773 
102.985190 75.543089 
107.025050 96.176146 
111.080080 162.452161 
115.116780 209.496258 
119.122530 41.490266 
123.237050 30.943781 
127.316760 27.910076 
131.188730 48.724245 
135.339300 0.000000 
