0.000000 287.855557 
6.087869 287.855557 
12.010770 243.776800 
18.144390 198.567293 
24.232020 145.187418 
30.322890 132.160689 
36.420620 119.726966 
42.524420 109.984971 
48.584090 102.292647 
54.698660 99.222382 
60.774350 82.930472 
66.867640 117.567429 
72.958920 153.937397 
79.033280 130.586246 
85.129080 104.918469 
90.949588 170.669248 
96.770730 173.346341 
102.581460 176.557801 
108.412700 222.405737 
114.231900 255.374612 
120.045110 106.110810 
125.888700 138.120326 
131.653160 225.624866 
137.497850 282.402799 
143.260970 44.528047 
149.079780 45.434500 
154.901980 45.434500 
160.707700 93.186147 
166.529020 0.000000 
