0.000000 312.677105 
5.716172 312.677105 
11.443770 305.492013 
17.121530 254.533420 
22.854970 230.058885 
28.525610 239.950050 
34.242750 253.752185 
39.953840 264.164835 
45.665600 208.993400 
51.379560 205.755338 
57.091860 132.857714 
62.806360 102.715856 
68.520700 141.338945 
74.224900 105.555311 
79.933770 77.559287 
85.729780 108.763476 
91.492900 118.530511 
97.314160 123.375821 
103.085040 98.649147 
108.870390 136.228816 
114.655840 48.108344 
120.337800 58.653106 
126.144010 180.463490 
131.921910 333.919863 
137.687540 333.919863 
143.456390 36.498005 
149.239510 34.683984 
154.999440 95.784010 
160.781020 0.000000 
