0.000000 275.871245 
6.518789 275.871245 
13.000750 196.652277 
19.389670 113.814374 
25.934580 65.914773 
32.457630 48.470888 
38.853590 73.949745 
45.422460 61.413491 
51.910580 70.413225 
58.411140 62.046891 
64.935080 48.407609 
71.451740 86.194227 
77.975970 139.219957 
84.452950 66.019932 
90.982750 93.748936 
96.546763 154.685930 
102.124950 168.367777 
107.675480 186.884122 
113.245460 229.708979 
118.818500 235.663449 
124.356540 125.824043 
129.930960 223.473499 
135.493060 327.308817 
141.075120 367.470650 
146.583960 35.472480 
152.110120 54.871565 
157.620560 38.265319 
163.164260 35.806843 
168.703360 0.000000 
