0.000000 223.046796 
6.244778 223.046796 
12.431260 202.702988 
18.667110 68.558564 
24.900830 25.592335 
31.117000 28.706840 
37.312480 25.089676 
43.566640 24.319133 
49.708850 25.423211 
55.936000 23.118415 
62.148560 38.723363 
68.367630 72.727794 
74.598590 135.910700 
80.797500 163.114318 
87.002470 172.066873 
92.711428 264.825288 
98.116100 308.200858 
103.683130 344.467044 
109.237660 484.375469 
114.810190 355.264178 
120.385330 322.067277 
125.948080 381.056141 
131.511110 351.642739 
137.085740 453.724631 
142.649840 63.114674 
148.186430 56.649778 
153.612580 94.885735 
159.242200 130.929175 
164.797740 0.000000 
