0.000000 292.388409 
6.243315 292.388409 
12.467230 275.718252 
18.674800 295.158581 
24.925990 216.085101 
31.167330 190.012048 
37.415080 167.451514 
43.659700 159.066043 
49.874810 126.257256 
56.138510 92.354276 
62.380970 87.870051 
68.622560 117.967668 
74.854720 161.098443 
81.103380 97.698372 
87.346200 97.154412 
93.083150 117.362879 
98.772600 149.400187 
104.528310 189.766906 
110.257240 247.361214 
115.991190 169.208664 
121.712310 257.343352 
127.415120 261.151953 
133.155240 382.030427 
138.891170 62.707954 
144.592590 27.681751 
150.342710 37.432254 
156.041050 37.432254 
161.762990 16.723085 
167.481760 0.000000 
