0.000000 422.833024 
6.204261 422.833024 
12.377820 171.423293 
18.608780 64.483867 
24.822090 48.849040 
31.022490 79.512725 
37.233950 84.230825 
43.452740 63.135986 
49.602800 77.045863 
55.821680 85.861753 
62.025900 62.629523 
68.232110 52.259143 
74.434280 91.138570 
80.642730 131.422707 
86.851520 72.566992 
92.394503 140.672396 
97.911760 158.511068 
103.451310 185.810802 
108.985560 244.970567 
114.516910 176.053648 
120.053680 243.737865 
125.564340 287.563434 
131.089800 429.589219 
136.634840 351.686037 
142.174350 63.755090 
147.683380 63.112825 
153.233620 63.112825 
158.672980 59.393496 
164.209120 0.000000 
