0.000000 184.510979 
5.747075 184.510979 
11.172020 144.739125 
16.883780 245.815845 
22.475560 368.560285 
28.126530 396.971649 
33.689640 425.707130 
39.321610 402.763659 
44.948330 394.520554 
50.583120 344.443100 
56.190560 255.985488 
61.822840 160.220258 
67.440880 126.992666 
73.059590 152.621563 
78.684990 105.524566 
85.140539 50.410436 
91.473030 50.768889 
97.914340 37.289567 
104.319380 46.291424 
110.726700 76.099507 
117.158170 58.338635 
123.530880 42.270801 
129.958680 105.814090 
136.372150 197.150152 
142.783060 201.995309 
149.194450 45.379004 
155.616790 58.547514 
161.968490 54.079501 
168.381160 0.000000 
