0.000000 233.401389 
5.932003 233.401389 
11.829000 180.644004 
17.743050 310.468564 
23.677630 306.020020 
29.584300 335.071053 
35.514760 293.779106 
41.377490 311.398209 
47.326770 326.540421 
53.195840 285.426580 
59.105210 192.604682 
65.009540 148.441424 
70.936150 160.550367 
76.852550 180.358932 
82.770070 87.724411 
88.754783 106.268819 
94.766520 65.825493 
100.699630 69.811152 
106.732120 67.525707 
112.682380 93.775991 
118.676540 29.872277 
124.675250 52.794967 
130.629090 83.229615 
136.599320 216.222314 
142.538520 349.691780 
148.546120 23.985060 
154.538460 55.247886 
160.428860 55.247886 
166.452020 0.000000 
