0.000000 105.714991 
6.230017 105.714991 
12.442160 166.900971 
18.667280 276.991296 
24.912170 252.032942 
31.152790 251.924047 
37.366550 296.851798 
43.576240 252.769642 
49.790890 175.392714 
56.002580 122.746711 
62.231110 56.141790 
68.442320 63.394085 
74.659520 114.015147 
80.886260 100.027851 
87.118960 61.530030 
92.905237 116.500311 
98.657330 91.983220 
104.442420 164.242292 
110.215770 198.543338 
115.988780 306.673524 
121.759740 244.455796 
127.528400 273.295040 
133.281890 427.270643 
139.050010 495.580049 
144.807970 373.430222 
150.560500 57.323731 
156.338700 67.663848 
162.034270 91.831353 
167.832250 0.000000 
