0.000000 265.155031 
5.970211 265.155031 
11.844300 210.816765 
17.833080 207.553689 
23.785400 216.820851 
29.719200 169.280742 
35.722490 171.275926 
41.522670 213.752132 
47.549090 156.243835 
53.482170 163.590132 
59.439530 127.432677 
65.394130 124.190937 
71.340030 143.682143 
77.297780 155.869282 
83.251440 109.957839 
89.349766 109.301573 
95.397940 95.731218 
101.524030 95.382950 
107.575900 80.676165 
113.624370 32.863554 
119.691330 52.470936 
125.785730 91.843956 
131.874800 191.128254 
137.889820 304.293781 
143.979110 46.683544 
150.056820 34.189434 
156.102530 46.856851 
162.176540 43.141911 
168.258000 0.000000 
