0.000000 82.902218 
6.368580 82.902218 
12.709240 121.188689 
19.065530 232.400189 
25.429670 164.548070 
31.789280 179.116859 
38.162320 113.569329 
44.463900 64.758912 
50.843260 54.650590 
57.200890 32.129884 
63.535090 22.991243 
69.873650 27.813619 
76.233280 82.539832 
82.586020 172.581152 
88.942580 155.466620 
94.941322 201.609171 
100.844430 269.903008 
106.838890 291.770597 
112.783170 420.357298 
118.760420 633.315088 
124.703360 368.240595 
130.673100 424.915518 
136.656210 517.616483 
142.566450 557.875153 
148.544200 86.485493 
154.518930 108.499246 
160.452710 96.335554 
166.416300 98.087117 
172.384970 0.000000 
