0.000000 238.559996 
6.930508 190.331048 
13.922100 198.719579 
20.675480 399.175152 
27.679270 303.825655 
34.550620 394.960803 
41.488820 353.497795 
48.414190 138.325404 
55.349690 96.218917 
62.217110 82.671118 
69.179230 88.858759 
76.088620 116.374116 
83.010520 140.722142 
89.933320 162.106983 
96.856260 177.431460 
102.036378 176.457447 
106.876420 326.100755 
112.134110 334.657828 
117.219040 324.958719 
122.359370 201.355699 
126.733790 168.465831 
132.033340 218.199711 
137.012750 317.913138 
142.095320 376.107964 
147.233550 119.561915 
152.309480 105.191648 
157.420500 54.649930 
162.387110 64.602433 
167.523200 0.000000 
