0.000000 278.086900 
9.380952 256.990689 
18.471680 440.509305 
27.888770 451.967180 
37.015780 428.400195 
46.388980 412.597973 
55.801500 363.780715 
64.861990 387.221588 
70.025630 444.078979 
81.478630 310.476205 
81.622870 213.597697 
92.155270 165.679528 
106.227400 124.544566 
117.196500 134.100941 
126.232600 95.357138 
131.771868 113.564972 
137.351700 194.769312 
142.710360 163.831919 
148.395000 165.724857 
153.979660 162.497355 
159.363520 192.949791 
164.980910 214.830695 
170.476870 341.537088 
175.979490 339.434005 
181.532970 119.719733 
187.037900 102.836969 
192.481940 51.056347 
198.028950 40.058771 
203.566030 0.000000 
