0.000000 259.358160 
7.227599 216.059565 
14.454850 184.203389 
21.711100 83.894031 
28.853260 43.653024 
36.173130 60.646115 
43.325160 56.535671 
50.621590 22.487316 
57.806180 29.992493 
65.073620 32.267590 
72.144840 55.135043 
79.336850 138.504250 
86.626460 214.260620 
93.701890 272.020834 
100.966800 359.263032 
105.814185 578.112242 
110.627693 616.335299 
115.532150 596.387830 
120.478160 472.667358 
125.286500 403.724327 
130.048980 394.119830 
134.666590 403.618253 
139.826830 499.599589 
144.635460 449.595729 
149.367110 144.301014 
154.269510 69.492065 
159.118140 68.714526 
163.958190 51.350193 
168.803080 0.000000 
