0.000000 319.553990 
7.011321 276.282197 
13.942960 241.230329 
21.010950 107.415936 
28.043430 61.633687 
35.120200 148.616448 
42.065460 130.422540 
49.144540 82.284176 
56.197360 73.941620 
63.209740 68.311102 
70.232880 76.984411 
77.286230 130.035102 
84.354420 186.823291 
91.201680 190.811321 
98.281130 245.340186 
103.324421 377.124097 
108.357110 503.228661 
113.400730 512.425403 
118.408030 449.505344 
123.564050 248.525333 
128.524220 236.681389 
133.447880 222.782071 
138.641820 350.907236 
143.638770 409.611277 
148.650900 78.890031 
153.726780 74.616856 
158.765880 55.834136 
163.742900 42.124788 
168.811110 0.000000 
