0.000000 198.343579 
7.520281 137.316887 
15.063780 261.245234 
22.377450 138.144993 
29.891510 118.863165 
37.299720 143.641718 
44.869880 155.687026 
52.289280 109.307532 
59.875950 71.576162 
67.260170 103.376158 
74.784300 93.825322 
82.305480 120.552758 
89.827510 180.736330 
97.258430 148.926440 
104.783200 173.878561 
109.913241 204.029918 
114.983580 268.628066 
120.198970 239.048214 
125.213550 219.162027 
130.412360 262.943683 
135.539010 305.081191 
140.600730 348.538507 
145.804060 405.848521 
150.909790 462.911098 
156.036960 100.755974 
161.184470 68.223878 
166.309450 57.849694 
171.381660 37.202363 
176.529340 0.000000 
