0.000000 193.913595 
7.258959 165.825252 
14.518520 288.371953 
21.659810 146.671660 
28.958540 130.000187 
36.217090 211.416939 
43.425580 192.011751 
50.705550 101.349300 
57.952610 75.396740 
65.179100 69.379640 
72.437870 91.905556 
79.692340 129.194361 
86.975810 153.403554 
94.134740 158.528728 
101.412300 235.405967 
106.646713 343.976166 
111.803900 407.086848 
117.352180 354.337595 
122.552520 301.862625 
127.547670 256.495477 
132.864130 266.428716 
138.163490 347.076294 
143.471890 438.853708 
148.744910 107.824036 
154.025970 105.523839 
159.257440 69.952487 
164.513960 60.660151 
169.726080 50.062437 
175.007810 0.000000 
