0.000000 277.364912 
6.636643 955.744303 
13.220240 885.601465 
19.829040 988.533063 
26.470080 563.769139 
33.055580 335.927793 
39.709620 220.888813 
46.281550 249.876641 
52.976680 332.484188 
59.496670 313.708479 
66.096310 284.970953 
72.797330 297.455221 
79.281920 63.784267 
85.932480 129.860136 
92.528370 324.033645 
98.424514 257.148096 
104.373370 153.137773 
110.188220 159.175860 
116.095990 199.038462 
122.138470 172.458391 
127.758250 212.461080 
133.751270 234.462385 
139.714260 289.560354 
145.611010 416.842018 
151.468510 170.217521 
157.373960 112.155472 
163.420970 37.019649 
169.077010 57.461971 
175.122350 0.000000 
