0.000000 245.480326 
6.523648 221.946686 
12.894680 626.392883 
19.408360 383.470247 
25.892740 597.078955 
32.393340 502.281042 
38.878270 746.656275 
45.390420 447.331709 
51.834790 315.738126 
58.357640 220.350274 
64.863560 162.486578 
71.323520 104.251476 
77.837600 120.932933 
84.337430 116.658694 
90.829320 84.471858 
96.261804 85.980925 
101.761280 143.397714 
107.064770 136.269437 
112.568390 138.122211 
117.985310 123.945426 
123.359650 163.108315 
128.882340 151.432694 
134.288510 207.217241 
139.681040 282.755340 
145.125760 336.563695 
150.562030 90.599804 
156.065600 75.062239 
161.367870 70.209209 
166.867850 0.000000 
