0.000000 137.531819 
6.836915 80.150836 
13.615300 535.207626 
20.483810 342.848729 
27.337720 276.958934 
34.128170 295.664644 
40.985520 397.895632 
47.789710 245.060886 
54.662150 183.539002 
61.441020 108.368759 
68.289580 57.520179 
75.067310 25.436261 
81.995610 46.112637 
88.667400 68.539718 
95.576020 23.329914 
101.468688 128.156292 
107.336360 166.631505 
113.333270 174.347486 
118.992500 199.174008 
124.965880 244.232235 
130.803430 276.108887 
136.686660 293.025558 
142.656130 376.566507 
148.514400 384.066362 
154.389820 90.141662 
160.270260 95.632798 
166.145600 58.133824 
172.042530 36.608940 
177.936550 0.000000 
