0.000000 330.676667 
6.929937 260.613566 
14.080460 372.492303 
20.771580 423.578097 
27.856750 362.162706 
34.855480 548.105466 
41.853220 550.568494 
48.838960 361.870918 
55.895610 318.886796 
62.867580 175.867280 
69.790230 144.768890 
76.875120 143.576096 
83.835200 117.213169 
90.855770 87.941682 
97.860020 105.728191 
102.843020 134.852531 
107.870470 168.466881 
112.891580 149.483596 
117.852330 142.663637 
122.996800 159.131000 
127.831210 181.309995 
132.808700 195.414237 
138.060610 310.440074 
143.026630 401.816478 
148.013930 135.638264 
153.109840 63.280982 
158.107410 43.568864 
162.952220 54.988400 
168.101840 0.000000 
