0.000000 146.928417 
7.197380 55.575705 
14.206630 261.556363 
21.429770 168.046257 
28.568720 65.458136 
35.728240 119.175863 
42.875690 111.331928 
50.052560 22.902584 
57.177540 23.361261 
64.315440 19.297928 
71.474430 40.380526 
78.637970 79.836473 
85.786030 162.415887 
92.916910 208.204378 
100.037700 275.641147 
105.558517 557.563652 
110.983890 564.660027 
116.563320 541.361424 
121.904920 626.447291 
127.624630 466.987860 
133.182710 473.323770 
138.220710 471.167003 
143.978850 639.386296 
149.413290 242.982580 
154.891290 100.846730 
160.412570 116.499510 
165.916670 89.431911 
171.418940 68.341178 
176.922260 0.000000 
