0.000000 214.718827 
6.391415 290.439020 
12.656460 290.649151 
19.118240 243.613195 
25.410140 215.996108 
31.910970 182.108801 
38.230280 62.567724 
44.643310 56.324284 
51.075190 49.285125 
57.444180 58.063276 
63.851140 66.163016 
70.293880 47.300436 
76.561890 77.228993 
83.021490 109.908141 
89.400570 70.475133 
94.719986 94.614235 
100.010410 117.085300 
105.342080 170.015523 
110.663090 177.296425 
116.042930 34.249290 
121.178480 39.453493 
126.569200 74.947830 
131.879880 155.779061 
137.218060 142.563936 
142.504880 36.144563 
147.833120 22.116250 
153.228000 35.139910 
158.404190 35.225532 
163.817050 0.000000 
