0.000000 193.251326 
6.271600 240.465948 
12.437600 280.693117 
18.743560 229.674655 
25.013130 53.638034 
31.261790 51.611976 
37.528260 44.301620 
43.789820 67.465854 
50.027550 64.592153 
56.291250 57.646162 
62.555310 74.586814 
68.798140 40.699083 
75.114720 108.159815 
81.237150 107.414817 
87.486110 84.688604 
92.613958 100.277773 
97.876910 107.224779 
103.172040 176.588363 
108.392160 168.105444 
113.643260 29.020041 
118.893990 35.606008 
124.138660 73.912956 
129.389810 179.764053 
134.644940 153.328543 
139.890780 53.453127 
145.124880 26.686464 
150.398810 33.908351 
155.604910 45.661046 
160.875660 0.000000 
