0.000000 155.571641 
6.153615 117.061478 
12.505220 203.262980 
18.782970 217.368557 
25.107790 206.912589 
31.458360 88.008967 
37.725820 87.464545 
44.083610 86.733417 
50.398690 115.872441 
56.723350 97.141904 
63.060870 102.382473 
69.316170 63.225068 
75.685460 86.302906 
82.019790 98.983114 
88.345980 42.801818 
93.788402 74.299635 
99.217810 81.350096 
104.813200 95.259419 
110.283560 93.452665 
115.795890 36.199540 
121.304720 39.441525 
126.811640 52.733145 
132.328930 102.551310 
137.843870 105.550147 
143.347050 34.595136 
148.839470 23.258108 
154.369590 48.679754 
159.842140 49.160512 
165.368040 0.000000 
