0.000000 148.945827 
6.606597 193.937250 
12.726400 282.596848 
19.483780 181.847790 
26.015940 57.804242 
32.491200 30.663128 
39.041960 24.746475 
45.593090 36.755607 
52.085800 40.961510 
58.634540 34.887008 
65.161640 41.882142 
71.707590 43.177265 
78.211170 79.476513 
84.659490 93.393147 
91.189680 94.134000 
96.764005 201.757074 
102.268670 202.015582 
108.091120 241.031761 
113.883770 315.314338 
119.313090 119.333143 
124.763440 59.659975 
130.300220 84.616574 
135.954690 205.463665 
141.575610 252.276955 
147.006960 40.779666 
152.659480 34.618381 
158.220470 25.515678 
163.789110 33.155447 
169.369340 0.000000 
