0.000000 166.959142 
6.073637 180.850216 
12.139240 244.271238 
18.246870 149.463484 
24.334740 10.819161 
30.438010 55.581162 
36.549100 67.139001 
42.601500 11.965761 
48.694540 11.836434 
54.782310 19.803862 
60.879290 26.296893 
66.981830 36.692324 
73.058030 51.434656 
79.026850 146.709113 
85.113460 163.950295 
90.743324 296.580223 
96.328690 435.420339 
101.961830 592.211658 
107.629280 568.969429 
113.211500 222.018050 
118.854550 260.549811 
124.491450 312.634412 
130.118960 343.690272 
135.771720 434.617061 
141.358530 89.699426 
147.001320 75.838540 
152.645920 49.362359 
158.262350 112.887090 
163.890270 0.000000 
