0.000000 91.904712 
6.680049 101.086602 
13.352420 189.640061 
19.985730 76.408612 
26.693710 18.768252 
33.412020 9.460124 
40.031460 1.431810 
46.724500 7.889796 
53.396940 11.798557 
60.062360 12.754009 
66.714970 18.877205 
73.447570 19.489565 
80.016770 54.740608 
86.721640 113.550601 
93.381440 169.748943 
99.336517 252.558437 
104.918320 287.273246 
110.950130 431.310211 
116.737830 462.451202 
122.506620 318.413766 
128.437210 146.636052 
134.266530 212.615868 
140.132790 297.334229 
145.954980 368.449268 
151.741060 80.560097 
157.594690 52.167753 
163.434870 42.948717 
169.245910 82.833965 
175.089540 0.000000 
