0.000000 148.724805 
6.390476 138.122683 
12.806320 244.204881 
19.300280 240.221794 
25.743030 83.832709 
32.191760 41.738443 
38.674790 51.635101 
45.099110 56.246414 
51.553060 50.483646 
58.011570 44.001127 
64.472340 48.910654 
70.965480 34.743004 
77.282920 74.686364 
83.742670 101.484432 
90.169510 68.558626 
95.294004 79.657390 
100.370010 100.686267 
105.497350 146.006352 
110.684660 86.508747 
115.768060 54.346437 
120.840120 50.626913 
125.978080 93.555607 
131.096920 149.970167 
136.219930 145.703171 
141.358520 24.538067 
146.444580 25.218873 
151.581130 31.554350 
156.697660 63.475180 
161.815400 0.000000 
