0.000000 216.343017 
6.492379 131.896578 
12.964450 198.475293 
19.522810 209.816072 
25.765360 65.013646 
32.436650 16.225396 
39.002890 20.813901 
45.491110 28.143976 
52.007910 30.651396 
58.534330 28.818893 
65.069910 43.532959 
71.582610 33.877388 
78.054700 46.422988 
84.595500 91.962904 
91.118500 88.605402 
96.784963 129.982369 
102.336760 135.965483 
108.019490 141.679968 
113.664340 152.018357 
119.226540 25.805308 
124.837940 28.199186 
130.468600 84.145433 
136.144290 156.782260 
141.846180 150.498274 
147.343470 34.949723 
153.017080 26.982467 
158.740720 27.499094 
164.210980 50.417740 
169.947260 0.000000 
