0.000000 163.969560 
6.180454 58.548941 
12.495800 213.162610 
18.850440 412.123050 
25.056860 418.755579 
31.448110 383.796106 
37.712200 213.924782 
44.040800 199.471534 
50.371650 199.553185 
56.655400 169.400402 
63.139190 117.066209 
69.015840 70.557620 
75.373140 74.436878 
81.705620 98.880052 
88.029140 37.300312 
93.977934 48.723417 
99.918040 71.358763 
105.824900 82.125004 
111.722530 96.588165 
117.666510 97.284764 
123.597730 26.661841 
129.528710 42.698134 
135.478190 107.484582 
141.390550 211.839546 
147.329990 68.119836 
153.259170 35.991059 
159.227960 30.943356 
165.084950 42.862691 
171.052340 0.000000 
