0.000000 175.638464 
6.254058 146.988225 
12.395190 182.259642 
18.736410 274.909287 
24.966090 200.697603 
31.256680 100.974522 
37.543030 108.518317 
43.808550 121.113744 
50.062370 130.324906 
56.362060 127.251363 
62.566380 122.833031 
68.937980 82.021997 
74.979780 86.202228 
81.333850 110.059535 
87.597030 43.542946 
92.868757 78.722978 
98.271330 81.639999 
103.669280 76.693637 
109.062670 83.597987 
114.498600 33.112308 
119.853750 41.374019 
125.276510 54.363754 
130.704200 136.009862 
136.099890 165.983127 
141.455270 42.965048 
146.864280 28.194230 
152.280660 41.650424 
157.671030 32.170176 
163.090250 0.000000 
