0.000000 175.638464 
6.061610 146.988225 
11.980800 182.259642 
18.097580 274.909287 
24.168940 200.697603 
30.237820 100.974522 
36.323400 108.518317 
42.398060 121.113744 
48.472070 130.324906 
54.552430 127.251363 
60.617780 122.833031 
66.714960 82.021997 
72.749210 86.202228 
78.801820 110.059535 
84.891270 51.276613 
90.264351 60.617214 
95.870630 80.320471 
101.385640 92.235633 
106.934530 95.492837 
112.401580 31.700801 
117.922980 54.448240 
123.432400 60.945605 
128.978040 126.327779 
134.546710 177.415617 
139.975700 52.476755 
145.497760 43.833688 
151.041130 37.082694 
156.516290 39.614324 
162.057630 0.000000 
