0.000000 198.401668 
6.548494 107.906289 
12.857270 211.639422 
19.398700 417.860516 
25.796450 367.585740 
32.275900 305.488949 
38.729190 176.325111 
45.137550 164.519529 
51.619730 132.662357 
58.052560 88.894956 
64.496210 72.751584 
70.867770 40.281390 
76.807090 47.595506 
83.247440 83.064556 
89.755820 38.355441 
95.602744 51.989839 
101.338180 75.096922 
107.214600 94.697786 
113.053140 133.208178 
118.905110 126.029072 
124.633510 19.768144 
130.546400 44.800474 
136.331400 130.912442 
142.127070 152.667874 
147.982950 46.319199 
153.766160 27.704741 
159.669440 19.594355 
165.366180 49.797386 
171.211030 0.000000 
