0.000000 241.593846 
6.272767 199.873967 
12.521330 239.711052 
18.856910 262.839134 
25.125230 169.267211 
31.440800 97.249681 
37.757290 79.513033 
44.044220 88.965203 
50.369550 117.775928 
56.672120 103.644692 
62.997210 101.870156 
69.302900 54.375296 
75.592830 76.042158 
81.913020 94.558654 
88.228590 59.042364 
93.652644 94.803160 
99.159820 75.801415 
104.675900 112.723691 
110.172210 84.800692 
115.744080 17.181151 
121.045840 30.347957 
126.541530 58.406734 
132.076840 120.295358 
137.514450 147.241483 
143.054760 39.785225 
148.534150 18.483873 
154.033630 21.594523 
159.537000 41.763891 
165.033050 0.000000 
