0.000000 186.696431 
7.396730 108.660037 
14.987690 207.336072 
22.582710 332.066731 
30.135790 225.282432 
37.713340 40.541729 
45.337920 31.286338 
52.845700 35.318536 
60.451540 31.937651 
68.017610 28.434641 
75.592020 28.914445 
83.281290 34.151159 
90.378870 54.466139 
97.917070 116.338466 
105.509900 80.467847 
111.252848 123.704832 
117.081990 113.926289 
122.936950 148.323611 
128.763410 224.048322 
134.625410 59.175705 
140.364090 63.536549 
146.208660 94.860974 
152.061070 204.418960 
157.848450 286.413523 
163.654780 71.915693 
169.459100 52.283253 
175.409080 45.451868 
181.053220 79.148136 
186.989820 0.000000 
