0.000000 176.105306 
7.915620 84.846476 
15.734240 165.655928 
23.713290 305.641613 
31.601930 202.073910 
39.557510 46.895604 
47.517570 33.459253 
55.389660 43.419888 
63.350420 28.119121 
71.292690 24.956326 
79.248460 33.391094 
87.177090 26.122025 
94.457240 59.076057 
102.427300 126.762851 
110.353500 52.151536 
116.218353 92.319714 
121.992860 109.588846 
128.137500 150.524322 
133.971700 185.244830 
139.900120 26.959051 
145.823760 39.219864 
151.743370 86.649975 
157.681540 174.187814 
163.601630 201.749015 
169.518760 55.926505 
175.425310 45.347481 
181.416420 60.590607 
187.204690 56.905585 
193.195890 0.000000 
