0.000000 591.924272 
6.306087 591.924272 
12.559730 450.770382 
18.833530 363.139774 
25.151800 339.453642 
31.425490 235.700117 
37.757140 239.694208 
44.024550 193.687848 
50.377900 150.091668 
56.603290 116.015400 
62.888460 123.497634 
69.215190 97.703511 
75.523620 152.788542 
81.824970 192.661398 
88.130760 126.760662 
93.057462 139.284991 
97.984250 150.642067 
102.863110 175.992758 
107.644030 205.940971 
112.551660 198.686567 
117.493180 250.193217 
122.441440 199.954425 
127.355150 277.977855 
132.320120 386.213323 
137.224070 384.244340 
142.110630 34.221314 
147.138020 21.127299 
151.922570 37.111326 
156.922840 0.000000 
