0.000000 471.445347 
5.967028 471.445347 
11.668680 456.613148 
17.668450 366.195993 
23.581470 386.135683 
29.492590 346.472543 
35.381340 415.345417 
41.306980 441.229541 
47.236900 374.413539 
53.133450 340.686082 
59.058700 234.731383 
64.975600 198.083983 
70.906060 203.462918 
76.802140 177.135482 
82.735760 111.095353 
88.060127 88.847579 
93.354940 97.021733 
98.722050 93.475959 
103.883290 121.267286 
109.216300 122.015662 
114.527690 151.127339 
119.898160 35.679078 
125.027010 66.821496 
130.390460 96.975695 
135.701020 208.741924 
141.035330 63.999325 
146.326840 63.999325 
151.611310 63.999325 
156.941200 0.000000 
