0.000000 32.356025 
6.379724 452.257918 
12.745680 440.278218 
19.096530 310.714013 
25.478940 144.154834 
31.853190 72.094698 
38.212190 60.884260 
44.717130 51.536340 
50.868720 48.993141 
57.313900 43.986735 
63.531970 34.381359 
69.895850 64.523992 
76.269100 119.033162 
82.630260 105.313329 
89.009910 83.644709 
94.545687 136.819338 
99.977720 183.913350 
105.516710 225.558613 
111.079630 246.868583 
116.489190 219.320665 
121.978620 218.699089 
127.482210 309.829926 
133.027050 419.465239 
138.538770 131.573687 
144.012440 62.936141 
149.489020 42.177850 
155.083340 41.373043 
160.413840 41.373043 
166.048300 0.000000 
