0.000000 295.851724 
6.219745 295.851724 
12.416600 295.107283 
18.634020 65.853120 
24.853030 30.692197 
31.065060 17.123529 
37.273700 18.478702 
43.583460 13.279933 
49.628170 11.858445 
55.909530 11.300114 
62.056270 18.895819 
68.271400 41.908316 
74.463870 112.865141 
80.680300 192.496072 
86.873710 165.334369 
92.008363 224.814083 
97.102620 217.961084 
102.246200 299.899891 
107.398960 394.208368 
112.490620 453.867641 
117.628490 357.743236 
122.772910 331.694211 
127.904090 396.459678 
133.039290 474.756312 
138.170370 102.467275 
143.299570 32.688271 
148.438560 38.098944 
153.571880 38.098944 
158.706100 0.000000 
