0.000000 223.427272 
6.069051 223.427272 
12.063040 217.900740 
18.124460 182.848587 
24.187880 212.977452 
30.203720 157.727709 
36.228920 157.571015 
42.307310 127.733441 
48.219890 102.005774 
54.284040 91.141286 
60.326110 77.165712 
66.357750 81.836157 
72.398710 117.295365 
78.438250 119.666077 
84.480210 72.311280 
90.151580 102.144805 
95.807850 115.771981 
101.482650 165.124590 
107.168290 219.082950 
112.775580 224.996910 
118.176830 205.708646 
123.994440 201.993883 
129.617400 282.062898 
135.277750 450.327223 
140.955690 31.523283 
146.592350 16.121649 
152.276220 16.121649 
157.934250 16.121649 
163.598120 0.000000 
