0.000000 327.950672 
6.163778 327.950672 
12.301810 260.256557 
18.378050 133.797538 
24.558310 135.040859 
30.725940 152.903346 
36.854840 115.725483 
43.058320 108.038149 
49.043820 98.628322 
55.218790 76.594385 
61.365280 61.052720 
67.520670 71.709149 
73.633860 150.032756 
79.750900 142.194155 
85.901320 103.053410 
90.740558 89.645266 
95.575763 128.222279 
100.420260 168.928155 
105.224390 186.302159 
110.051640 251.514744 
114.881530 192.346807 
119.729770 234.731833 
124.562910 235.432677 
129.400420 270.693068 
134.237490 352.150990 
139.077220 367.367212 
143.926720 21.017316 
148.706500 21.017316 
153.556680 0.000000 
