0.000000 116.340008 
5.999805 116.340008 
11.888370 105.579462 
17.907340 199.090041 
23.904350 218.689473 
29.885160 323.706755 
35.872720 411.012334 
41.873080 505.891716 
47.837540 407.846175 
53.835960 246.692149 
59.847980 164.124204 
65.788860 100.935962 
71.746460 85.164417 
77.746330 88.470178 
83.733350 25.791571 
88.687282 42.069667 
93.637221 52.749650 
98.603520 43.764641 
103.502610 63.917788 
108.479040 88.547543 
113.425720 119.603642 
118.384600 103.658541 
123.303980 116.808064 
128.274730 115.587913 
133.225010 150.432720 
138.162170 243.544740 
143.131340 320.386109 
148.055180 320.386109 
153.026120 0.000000 
