0.000000 156.799911 
5.806787 156.799911 
11.679230 156.158673 
17.551200 280.060405 
23.399910 230.654025 
29.277470 288.440812 
35.143360 349.538705 
40.988830 453.511169 
46.846560 451.641922 
52.691120 381.847178 
58.550810 259.384101 
64.410530 189.865019 
70.279230 159.880518 
76.134300 125.373133 
81.996190 36.398979 
86.685164 45.820253 
91.337874 60.999980 
95.564240 35.308780 
100.349700 28.075933 
104.972380 50.252828 
109.612340 70.253290 
114.265720 12.337098 
118.901620 25.328046 
123.536710 42.303758 
128.183620 69.583036 
132.819700 110.826020 
137.463640 129.799292 
142.099920 20.330568 
146.750260 0.000000 
