0.000000 130.139572 
6.225218 130.139572 
12.378180 134.356257 
18.618170 262.927590 
24.856600 246.614527 
31.071660 272.115750 
37.282050 357.593182 
43.500350 373.477559 
49.742040 287.710613 
55.944210 145.150004 
62.121020 46.268458 
68.270350 26.621319 
74.543540 52.969338 
80.762370 70.624135 
86.988990 38.824735 
91.878858 32.535807 
96.741848 63.888615 
101.619370 66.664708 
106.487880 92.427436 
111.378810 152.025939 
116.276880 224.794272 
121.164640 227.294676 
126.048580 221.948652 
130.937810 247.939973 
135.826890 318.025845 
140.709320 406.869729 
145.595060 412.352781 
150.483290 39.032536 
155.372500 0.000000 
