0.000000 278.387144 
5.773103 278.387144 
11.781770 288.807585 
17.683660 172.821750 
23.641760 237.050331 
29.596520 241.743294 
35.549360 259.858178 
41.510620 305.981919 
47.446620 261.372736 
53.415870 229.625842 
59.342760 137.824289 
65.310110 125.345665 
71.251880 149.396026 
77.201540 118.708748 
83.152600 77.882370 
88.129015 96.108418 
93.096355 85.916056 
98.069490 102.882713 
103.045140 145.673524 
108.026970 193.540634 
112.972980 259.498732 
117.954950 179.250871 
122.935570 238.934819 
127.886290 286.062328 
132.864750 345.894340 
137.832570 372.019859 
142.795110 39.875155 
147.738390 39.875155 
152.723790 0.000000 
