0.000000 60.360008 
6.560345 60.360008 
12.990170 73.885109 
19.552790 215.559650 
26.078170 205.692599 
32.564700 205.482246 
39.131260 106.133757 
45.641590 62.680745 
52.136370 52.143867 
58.695150 26.394947 
65.179200 20.007504 
71.699120 28.621419 
78.226410 69.341387 
84.689640 128.027163 
91.227380 91.300199 
96.678607 108.941683 
102.148070 147.028011 
107.559130 218.367267 
113.050970 328.834852 
118.448570 406.781279 
123.876290 297.088688 
129.357000 311.308906 
134.777460 375.463546 
140.237260 472.690869 
145.681090 506.896636 
151.116740 52.249814 
156.565060 31.136967 
162.017100 18.272561 
167.469560 0.000000 
