0.000000 701.119942 
7.046479 701.119942 
14.056430 613.681925 
21.067640 373.219874 
28.083190 319.261882 
35.135070 323.021773 
42.130050 299.227187 
49.191770 270.156458 
56.201680 291.705348 
63.233200 229.646171 
70.282470 266.386449 
77.324020 343.731599 
84.349840 400.517503 
91.388640 388.693981 
98.429000 389.988352 
103.508964 414.081656 
108.557170 393.236356 
113.667900 283.595744 
118.733870 236.713384 
123.835560 175.508366 
128.921610 232.300083 
133.974100 369.486649 
139.066650 103.112715 
144.159990 83.733002 
149.248890 87.828543 
154.339960 118.262666 
159.401580 36.032113 
164.493280 27.961168 
169.535820 0.000000 
