0.000000 736.275748 
6.842385 736.275748 
13.694770 611.734300 
20.511320 676.524830 
27.361220 540.669774 
34.197950 610.047531 
41.049280 781.569729 
47.889370 656.240628 
54.740820 615.288350 
61.583010 463.838284 
68.426490 439.453524 
75.286340 417.504666 
82.105410 345.419257 
88.954660 221.016660 
95.800300 156.015073 
101.278401 134.903143 
106.805830 74.862002 
112.214290 49.081123 
117.748320 70.331280 
123.253900 62.538069 
128.750440 68.090798 
134.242600 140.276423 
139.738370 222.075311 
145.248790 85.342773 
150.745670 76.712697 
156.239730 63.681650 
161.735400 53.057063 
167.231710 43.588278 
172.707220 0.000000 
