0.000000 522.067119 
7.146446 522.067119 
14.194650 462.687075 
21.257220 202.170712 
28.389740 163.307890 
35.498370 157.570301 
42.628500 169.007454 
49.703400 108.424230 
56.761470 103.214258 
63.925860 106.164513 
71.004830 193.011263 
78.172780 271.425370 
85.201400 363.317978 
92.330030 441.774990 
99.424660 538.746247 
104.530027 593.283034 
109.634470 632.177913 
114.715460 558.451820 
119.836390 428.767603 
124.933160 363.053765 
130.068520 410.153014 
135.113380 494.316849 
140.214770 147.635954 
145.329560 99.624774 
150.434350 100.206877 
155.536860 97.097016 
160.637790 52.947855 
165.744600 29.046789 
170.840660 0.000000 
