0.000000 400.403599 
7.193416 400.403599 
14.420650 280.253078 
21.561120 92.975757 
28.752520 58.842829 
35.934660 58.919812 
43.150390 67.660206 
50.380490 49.062925 
57.382660 48.062991 
64.631900 51.682450 
71.801060 95.137146 
79.060470 233.612843 
86.086400 425.603847 
93.311850 486.723617 
100.452000 729.405147 
106.135172 870.585617 
111.854520 799.925618 
117.456570 843.126656 
123.161210 699.059429 
128.871010 594.199571 
134.643190 569.756416 
140.222750 660.131376 
145.980880 211.468883 
151.668500 179.953406 
157.367070 158.106101 
163.069850 116.095179 
168.710190 119.765709 
174.400300 27.382521 
180.100940 0.000000 
