0.000000 610.684864 
7.200975 610.684864 
14.386750 348.579985 
21.567790 259.037430 
28.779380 262.114527 
35.971510 294.274420 
43.179240 309.745815 
50.316530 303.618705 
57.574690 275.522133 
64.666720 241.424700 
71.829170 236.384371 
79.036230 334.227837 
86.215090 488.499451 
93.398380 427.268767 
100.591500 368.159076 
106.543830 334.793245 
112.473230 263.108053 
118.466010 287.889412 
124.319020 247.659986 
130.293960 341.435488 
136.308570 317.571210 
142.028340 419.144000 
148.034340 580.506416 
153.961830 174.514305 
159.906500 102.716944 
165.860610 133.144926 
171.795680 75.885361 
177.736910 73.544628 
183.685530 0.000000 
