0.000000 671.484147 
6.964051 671.484147 
13.833970 384.459238 
20.814970 230.615623 
27.723510 209.460620 
34.672890 215.330805 
41.671700 199.795466 
48.519880 145.168438 
55.480660 128.167740 
62.426210 124.452113 
69.361620 192.682069 
76.325680 338.741978 
83.284870 563.305164 
90.149560 475.119666 
97.130040 542.507948 
102.986565 504.619518 
108.820840 553.861933 
114.653260 484.140171 
120.521910 450.949768 
126.315420 404.129019 
132.184810 370.469796 
137.894910 422.928690 
143.804390 669.718033 
149.574770 140.603758 
155.435210 99.525950 
161.280460 113.119235 
167.125720 106.864693 
172.971040 95.209336 
178.815840 0.000000 
