0.000000 259.522610 
7.763119 259.522610 
15.604740 225.148429 
23.247100 653.773145 
31.039950 941.904208 
38.807040 1050.726284 
46.577410 1232.847684 
54.411040 982.029355 
62.030970 658.219141 
69.807690 391.327448 
77.569050 317.206623 
85.314700 317.124980 
93.068620 217.041985 
100.847100 96.552061 
108.604900 117.817843 
114.873314 52.694246 
121.135630 54.619152 
127.337610 78.746944 
133.610330 148.704062 
139.841190 278.488451 
146.126990 287.965191 
152.386370 312.075587 
158.626740 432.027421 
164.949650 618.360664 
171.214930 171.209758 
177.481660 136.152207 
183.753340 78.281708 
190.052510 50.877419 
196.270220 0.000000 
