0.000000 679.054069 
7.325127 679.054069 
14.660070 550.084492 
21.981200 430.996131 
29.272980 1035.542046 
36.631960 1096.172284 
43.959180 1283.724229 
51.267530 995.764645 
58.599230 690.962012 
65.924710 436.118839 
73.300330 337.353029 
80.466220 302.218358 
87.835870 193.129958 
95.082510 144.774487 
102.416800 116.148063 
108.566953 49.395773 
114.523600 43.478891 
120.706600 34.862424 
126.808440 67.772187 
132.925370 124.604097 
139.076910 69.679651 
145.078260 128.199391 
151.214230 356.504508 
157.348800 113.329526 
163.459810 99.818927 
169.575580 93.304653 
175.698170 38.018747 
181.815500 45.108464 
187.929540 0.000000 
