0.000000 202.543175 
7.404658 202.543175 
14.815150 254.487026 
22.126330 370.118076 
29.524780 728.309042 
36.931060 864.907254 
44.326530 905.420641 
51.724220 814.016964 
59.085250 592.120942 
66.464000 359.167340 
73.847010 243.529193 
81.235270 281.692807 
88.627050 340.892718 
96.022050 195.664160 
103.415000 154.882082 
110.084891 101.897626 
116.853190 115.991121 
123.712890 145.760163 
130.435180 221.190073 
137.222130 384.418211 
143.998790 376.844031 
150.717380 384.875686 
157.492230 490.772924 
164.258470 641.587464 
171.032350 126.891147 
177.774700 107.037326 
184.532910 61.594988 
191.335140 67.062806 
198.028760 0.000000 
