0.000000 641.958795 
7.083215 641.958795 
14.145590 427.581036 
21.218540 597.953154 
28.311290 500.166876 
35.368890 664.187722 
42.467510 827.400070 
49.531300 690.592179 
56.626840 576.795267 
63.645480 426.871540 
70.748780 460.198030 
77.785250 405.975928 
84.870230 312.501424 
91.953730 174.708748 
99.027420 149.575147 
104.581556 105.742025 
110.132430 81.622826 
115.686090 44.407049 
121.348750 75.272986 
126.709460 65.867909 
132.264430 64.083457 
137.806350 157.947598 
143.353860 385.552021 
148.944220 89.415563 
154.478430 80.678421 
160.006110 52.683844 
165.569550 84.383666 
171.131700 76.253258 
176.646230 0.000000 
