0.000000 124.822354 
7.588433 124.822354 
15.062900 220.348803 
22.585100 336.326420 
30.208330 264.207805 
37.766590 289.864294 
45.302640 308.248143 
52.874430 276.453457 
60.448510 191.216569 
67.965750 121.602606 
75.510900 92.434999 
83.096690 176.117512 
90.532580 345.240829 
98.103420 337.327006 
105.653700 448.650126 
111.899920 482.513681 
118.148750 596.844350 
124.413540 701.768954 
130.647540 725.512457 
136.888760 816.597222 
143.182000 616.764343 
149.330010 595.388964 
155.643020 736.955894 
161.879360 882.214104 
168.140750 260.541082 
174.393520 166.715573 
180.654250 85.671879 
186.899620 79.079405 
193.152580 0.000000 
