0.000000 258.101272 
6.066442 258.101272 
12.133340 343.965678 
18.225530 248.349201 
24.314050 304.438765 
30.368340 188.435355 
36.473360 234.577513 
42.535480 263.635257 
48.501080 189.400262 
54.602020 139.371751 
60.696580 131.306893 
66.766790 134.200502 
72.832900 206.568697 
78.928180 221.007685 
85.009420 195.912321 
90.154747 155.879558 
95.302550 170.505587 
100.409380 207.371750 
105.628890 172.014668 
110.769370 16.993820 
115.969220 40.917991 
121.155490 81.155020 
126.319340 123.086409 
131.519620 217.810063 
136.706890 70.569908 
141.766900 30.916226 
146.953000 18.859520 
152.115740 18.859520 
157.292310 0.000000 
