0.000000 222.442189 
6.064527 222.442189 
11.732900 289.140708 
17.816030 209.365944 
23.852830 297.681343 
29.861580 195.292973 
35.933990 258.924251 
41.954900 238.307916 
47.950210 212.903012 
53.976570 169.368973 
60.039280 141.249766 
66.058760 113.715374 
72.094950 145.779272 
78.131640 124.410635 
84.163580 89.552984 
89.177258 112.757401 
94.203680 93.879487 
99.182140 134.331338 
104.186190 150.745100 
109.176920 19.080325 
114.156930 16.909232 
119.186240 37.911200 
124.182850 62.410743 
129.191650 155.905724 
134.216830 43.846245 
139.210950 24.177255 
144.224310 25.969775 
149.234620 44.964316 
154.247990 0.000000 
