0.000000 224.632144 
6.193621 224.632144 
12.385350 228.382412 
18.614320 232.840122 
24.847990 157.666355 
31.065780 140.260493 
37.337810 128.230250 
43.515410 102.435578 
49.732070 84.941431 
55.953700 65.220698 
62.187350 58.497572 
68.433190 84.273904 
74.603790 146.937078 
80.835290 111.056839 
87.067100 104.293029 
92.331575 153.249263 
97.634280 152.447832 
102.939810 184.510948 
108.239500 213.088653 
113.537020 26.310668 
118.837230 52.483297 
124.133760 79.693728 
129.424270 151.363721 
134.728060 224.684311 
140.048200 48.326382 
145.252860 24.476891 
150.535440 25.293754 
155.834830 39.550067 
161.135730 0.000000 
