0.000000 192.885327 
6.166143 192.885327 
12.303710 234.645726 
18.469490 169.686696 
24.644150 106.574440 
30.759660 46.303366 
37.073480 76.233144 
43.073880 60.353683 
49.263970 35.701794 
55.375360 39.628160 
61.548160 54.481267 
67.710690 97.400885 
73.833940 138.912107 
80.008900 186.987936 
86.159330 143.968656 
91.320136 154.448501 
96.360910 235.452076 
101.504510 292.357008 
106.638720 258.295399 
111.722770 60.627859 
116.843740 97.073694 
121.970040 138.308577 
127.098130 194.685384 
132.207200 249.737900 
137.376550 60.090406 
142.379030 53.750505 
147.540630 33.119077 
152.663410 44.722414 
157.787110 0.000000 
