0.000000 223.219201 
6.004046 223.219201 
12.142700 235.845281 
18.129020 191.689765 
24.226600 149.803785 
30.307260 138.062904 
36.454930 150.490382 
42.372510 181.309691 
48.576190 144.879708 
54.673150 149.608225 
60.706550 128.355638 
66.784970 157.197134 
72.879060 181.232441 
78.938880 357.632680 
85.023540 153.765584 
90.044799 195.574975 
95.120760 256.287031 
100.076430 246.202188 
105.111220 232.045824 
110.167130 14.535341 
115.236120 36.873629 
120.265200 79.675697 
125.313330 136.236998 
130.340040 191.495369 
135.394370 60.511581 
140.382540 27.126918 
145.423470 23.883022 
150.475360 15.695134 
155.513150 0.000000 
