0.000000 184.066455 
6.111336 184.066455 
12.186670 202.744266 
18.292430 179.272409 
24.394150 97.386683 
30.470620 90.294000 
36.609340 138.336908 
42.593960 131.798384 
48.695980 112.120306 
54.782530 81.310944 
60.879690 86.406165 
66.991990 121.309641 
73.039360 158.294836 
79.141490 164.469501 
85.237810 115.486738 
90.457763 163.326219 
95.597970 141.497085 
100.818200 183.455915 
106.016570 203.037576 
111.174050 18.866974 
116.382600 47.283084 
121.571480 81.946964 
126.791260 144.363833 
131.979610 226.344101 
137.226540 68.534450 
142.430600 35.600354 
147.495630 25.881874 
152.717770 50.985839 
157.941070 0.000000 
