0.000000 160.059627 
6.301003 160.059627 
12.360880 146.120745 
18.708520 269.095909 
24.911040 484.028310 
31.151740 396.237693 
37.443630 297.145140 
43.612430 325.717942 
49.905100 293.245162 
56.142410 154.925998 
62.458240 109.097809 
68.518390 60.497862 
74.802040 85.640229 
81.058520 114.859726 
87.314240 30.229502 
92.528383 67.901805 
97.732430 69.376179 
102.986770 56.907872 
108.229080 72.253096 
113.456620 9.014841 
118.653330 16.634048 
123.869290 49.962281 
129.086500 83.838418 
134.336500 208.931383 
139.566010 36.043151 
144.778510 22.762189 
149.903320 30.142567 
155.126150 27.499086 
160.387420 0.000000 
