0.000000 194.360861 
6.048530 194.360861 
12.104080 188.010933 
18.144470 268.974002 
24.214970 345.020785 
30.244320 284.898299 
36.295700 268.994169 
42.343080 335.267836 
48.390460 254.499102 
54.410210 195.969308 
60.587860 155.337235 
66.378540 136.472998 
72.551840 182.623063 
78.603560 174.405163 
84.654070 82.847299 
89.761551 93.008070 
94.833660 89.479769 
99.931220 91.638000 
105.013610 108.229888 
110.084640 11.866568 
115.199110 14.186911 
120.264450 48.099199 
125.363100 84.917271 
130.482730 142.848595 
135.509170 53.514329 
140.596160 25.781086 
145.705750 30.515031 
150.706450 40.714136 
155.813340 0.000000 
