0.000000 107.402569 
6.086112 107.402569 
12.173200 96.712524 
18.262340 207.808249 
24.351970 214.792112 
30.407910 171.942695 
36.531590 203.021910 
42.556730 256.890205 
48.644620 190.739187 
54.712540 143.584097 
60.806140 126.587941 
66.871250 121.479665 
72.956470 157.678025 
79.049950 163.009435 
85.138800 96.111095 
90.323041 78.752312 
95.497710 121.333620 
100.698490 119.692875 
105.855870 39.585126 
111.048400 27.610772 
116.209120 60.951424 
121.364520 106.184314 
126.557620 184.136661 
131.767030 226.186766 
136.838820 45.650145 
142.054750 30.025778 
147.217310 29.640041 
152.372960 40.279879 
157.532810 0.000000 
