0.000000 183.826926 
6.129144 183.826926 
12.113570 227.270110 
18.211160 248.063823 
24.300730 248.148673 
30.398510 241.916622 
36.504460 276.217280 
42.569780 281.726985 
48.676220 216.206597 
54.761150 205.500341 
60.868590 156.211317 
66.920560 154.846862 
73.023050 176.365167 
79.121590 168.633040 
85.215270 109.580211 
90.025594 118.468466 
94.840931 104.010088 
99.650860 106.581469 
104.440240 22.702471 
109.213620 27.187975 
113.930300 32.781285 
118.703220 61.591836 
123.507210 116.224611 
128.320240 176.061160 
133.114750 51.192774 
137.936050 22.796649 
142.739520 20.753283 
147.551580 23.642113 
152.363630 0.000000 
