0.000000 106.377979 
6.457223 106.377979 
12.644660 104.002593 
19.091300 189.451905 
25.502550 88.027650 
31.916320 70.324576 
38.302170 97.645289 
44.854830 140.652920 
50.893740 55.639156 
57.341700 54.741893 
63.808570 67.910510 
70.217060 96.757269 
76.377080 144.524287 
82.844090 165.673130 
89.247590 124.830406 
94.134688 163.608636 
98.901762 217.074633 
103.731490 233.894836 
108.584750 316.249905 
113.447080 274.039572 
118.299510 210.903992 
123.164020 221.346221 
128.026510 242.408342 
132.872050 303.971881 
137.736520 47.660335 
142.602350 43.199234 
147.445390 22.318398 
152.305660 44.858111 
157.165800 0.000000 
