0.000000 215.293399 
6.131835 215.293399 
12.256950 199.761593 
18.368190 166.390016 
24.524530 135.811304 
30.603380 153.302077 
36.722730 172.982663 
42.865780 138.530348 
48.969240 126.322555 
55.101610 148.205977 
61.230620 94.758116 
67.352230 64.157394 
73.483280 101.243104 
79.609920 201.139204 
85.737310 140.520694 
90.480672 164.800589 
95.216235 168.024909 
99.957220 155.215072 
104.694480 168.609585 
109.436140 135.051112 
114.181240 148.508542 
118.896290 120.193832 
123.650890 182.440828 
128.375700 216.671641 
133.127750 90.539323 
137.857780 93.476834 
142.580050 82.808990 
147.295850 84.640042 
152.045090 0.000000 
