0.000000 245.798171 
6.385914 245.798171 
12.720360 207.822599 
19.093160 306.098842 
25.446330 343.335851 
31.813000 366.713167 
38.171450 350.713030 
44.467310 335.762766 
50.846830 272.872454 
57.207580 188.789699 
63.574160 69.433941 
69.851230 30.644257 
76.245330 58.236236 
82.610120 69.208179 
88.970560 50.403287 
94.080461 72.830902 
99.216240 122.170459 
104.203270 92.305939 
109.370340 109.646204 
114.425500 128.049397 
119.587530 110.562456 
124.591060 97.108739 
129.736350 239.406669 
134.793850 104.793552 
139.803700 75.275148 
144.901290 64.958239 
150.021340 80.611360 
155.009990 65.427129 
160.144580 0.000000 
