0.000000 212.290033 
6.303364 212.290033 
12.612670 237.746269 
18.890930 277.073261 
25.214210 113.548621 
31.496760 85.130815 
37.800480 88.597843 
44.105560 60.735785 
50.395180 59.431100 
56.703840 81.495524 
63.004490 47.417101 
69.310330 58.520021 
75.596440 139.454074 
81.874510 187.690197 
88.188540 239.194951 
92.889775 259.188452 
97.526537 259.695927 
102.282900 257.709856 
106.965960 294.201161 
111.678990 240.089962 
116.378330 85.378439 
121.096170 120.889479 
125.774770 216.447487 
130.477270 65.590070 
135.179120 50.563270 
139.881960 50.159365 
144.588700 40.977344 
149.283570 62.652332 
153.989030 0.000000 
