0.000000 173.279731 
6.154063 173.279731 
12.310870 192.733172 
18.486610 141.714074 
24.660900 31.883504 
30.780830 93.526000 
36.949370 30.484858 
43.130660 28.675956 
49.244160 30.807867 
55.427660 21.947678 
61.594730 39.075223 
67.770330 48.688585 
73.894960 90.678946 
80.051460 163.060902 
86.217710 240.647491 
91.418976 358.778190 
96.574370 464.493742 
101.775640 473.503451 
106.991650 501.397475 
112.102150 464.850598 
117.355390 267.895874 
122.538040 257.343456 
127.707140 378.866924 
132.914110 112.370259 
138.112620 93.605923 
143.264890 69.720286 
148.456230 85.562817 
153.574480 52.357721 
158.737010 0.000000 
