0.000000 117.573570 
6.465722 117.573570 
12.954470 247.592234 
19.362340 292.287269 
25.870970 135.223992 
32.376780 154.249316 
38.759430 156.519932 
45.271220 108.503350 
51.759540 93.528998 
58.179790 62.914163 
64.642670 18.525068 
71.127950 40.905794 
77.557630 102.462809 
84.038380 111.993965 
90.509870 113.041517 
95.712470 193.235903 
100.922610 204.523848 
106.131280 229.781529 
111.353270 278.337334 
116.562470 301.261904 
121.773650 255.773439 
126.985800 253.766748 
132.201630 298.557636 
137.421930 75.051490 
142.629440 57.288677 
147.843490 48.716355 
153.061690 48.026649 
158.233350 31.370137 
163.459640 0.000000 
