0.000000 188.794724 
6.243298 188.794724 
12.490290 121.591652 
18.745630 93.455965 
25.003410 75.113564 
31.285840 45.028118 
37.497770 41.956335 
43.783240 27.009902 
50.019400 31.445462 
56.283880 32.552813 
62.551360 30.449866 
68.824900 50.549409 
75.008560 102.399223 
81.286270 163.387574 
87.547180 239.016415 
92.599465 243.352054 
97.605550 337.247066 
102.675930 358.715009 
107.714170 397.678757 
112.761710 373.317247 
117.872310 231.849533 
122.777490 210.243534 
127.880610 281.067986 
132.925050 340.951401 
137.976170 64.864731 
143.025700 61.463078 
148.093700 79.673165 
153.071750 85.688012 
158.147590 0.000000 
