0.000000 93.330728 
6.771588 93.330728 
13.327410 162.854802 
20.098520 403.629911 
26.801580 678.398822 
33.538990 499.427514 
40.243280 315.568683 
46.990050 270.168927 
53.721320 201.103276 
60.365260 145.869623 
67.025650 38.944168 
73.764510 22.986015 
80.481580 44.107339 
87.208770 87.092321 
93.931110 49.457192 
99.178903 73.570611 
104.445550 78.541958 
109.648170 101.757739 
114.903810 160.570731 
120.107630 242.179127 
125.435540 270.073993 
130.504980 257.698949 
135.812700 227.248475 
141.041400 331.140948 
146.290280 67.867636 
151.521840 74.292121 
156.816320 37.797146 
161.946220 54.483919 
167.214130 0.000000 
