0.000000 178.076294 
6.683933 178.076294 
13.238740 203.222478 
19.940650 471.032535 
26.605470 597.428811 
33.191430 494.875458 
39.892150 432.023187 
46.538160 313.584531 
53.205780 175.116463 
59.852880 127.346306 
66.457110 34.238186 
73.183800 32.333785 
79.783740 47.454953 
86.465820 78.883486 
93.126690 53.618110 
98.318223 118.767240 
103.490810 86.204785 
108.668820 98.635501 
113.857440 124.874381 
119.038590 144.418321 
124.219750 250.594701 
129.354330 296.340840 
134.449890 205.493229 
139.665220 52.562998 
144.844260 35.455370 
150.020520 33.028029 
155.246300 37.824008 
160.290680 41.877697 
165.502550 0.000000 
