0.000000 83.678539 
6.728304 83.678539 
13.313550 262.014702 
20.065370 397.690414 
26.691080 661.589117 
33.419660 323.393987 
40.077540 205.426822 
46.809960 167.737640 
53.382850 133.143749 
60.119810 92.131242 
66.846560 32.343232 
73.394220 26.063067 
80.143470 34.860853 
86.829840 94.696735 
93.519400 87.543446 
99.206502 121.912223 
104.705730 179.476714 
110.431550 201.079756 
116.070890 280.854980 
121.679070 339.449337 
127.287350 386.985147 
132.918710 298.365766 
138.549430 455.848969 
144.168110 350.270161 
149.795380 40.764536 
155.426650 71.967017 
161.050990 46.848835 
166.688300 54.611665 
172.262170 0.000000 
