0.000000 266.306559 
6.340187 266.306559 
12.631290 193.572952 
18.952430 312.343189 
25.303280 291.928153 
31.600520 298.012443 
37.941040 298.423549 
44.258690 280.132682 
50.579350 155.343588 
56.881720 155.675194 
63.206640 77.971523 
69.525990 52.208866 
75.858770 91.201645 
82.183870 92.832005 
88.507630 51.739277 
93.477410 124.782677 
98.441845 76.883448 
103.407950 94.588762 
108.409930 94.735931 
113.332380 132.504912 
118.309470 112.206063 
123.264000 110.211076 
128.235320 180.076803 
133.218270 165.947410 
138.172770 42.660248 
143.141410 52.024152 
148.118300 37.131574 
153.043840 61.862872 
158.003800 0.000000 
