0.000000 90.142109 
6.352909 90.142109 
12.778190 181.753733 
19.177180 296.299239 
25.561720 603.180601 
32.002150 186.817827 
38.360510 140.550373 
44.798540 137.773524 
51.182170 97.799634 
57.412740 97.091770 
63.867980 37.405777 
70.252000 66.917781 
76.654230 78.945996 
83.051460 135.710886 
89.453420 120.878063 
94.999284 182.646504 
100.497340 337.210704 
106.061780 402.189446 
111.596390 342.269689 
117.139820 416.001239 
122.638250 501.949343 
128.197860 319.222864 
133.662180 425.360053 
139.204600 304.691174 
144.731880 68.206291 
150.260180 66.599107 
155.786940 57.953947 
161.314990 43.727266 
166.842500 0.000000 
